10000
1287
1568
730
459
1005
1711
734
303
786
981
47
1871
1023
1482
1227
494
521
715
1892
1063
1190
1981
1394
306
1000
481
1888
963
1838
1990
1882
1793
1182
1812
1721
1314
325
1296
12
1621
114
1667
206
637
1664
1605
373
1443
1679
1245
935
141
1504
1386
1492
1434
1031
836
997
255
1234
801
1384
215
766
689
721
967
1189
375
79
1659
1099
473
1031
490
1607
1899
1046
768
588
43
1699
257
1922
1305
1598
112
1654
697
1251
1003
1997
580
308
472
879
1099
407
1716
1536
726
245
1453
368
937
347
1122
1620
447
1590
1856
1730
230
1622
627
1740
1106
1469
14
861
1020
352
22
748
19
893
560
437
40
1988
202
884
219
1972
324
1851
1088
403
780
1703
1205
1053
1034
518
1448
298
12
784
725
1466
1064
1144
620
1909
908
582
905
719
1039
1822
627
808
1864
574
1437
25
537
1871
402
1368
1601
967
1422
1843
1208
905
778
288
1946
896
553
1607
438
949
1619
517
505
842
560
183
570
435
657
487
29
1653
1525
856
107
1413
340
1909
127
765
624
826
1111
1157
1323
1966
1165
1021
250
1166
1609
937
495
12
356
1268
661
584
530
1354
679
1031
1797
1540
1148
52
433
988
523
1834
1964
498
269
120
1909
1580
95
747
1507
27
1291
17
1940
1292
1047
862
566
1501
379
442
1208
1418
1761
1672
172
1391
150
130
79
70
411
1800
353
574
965
437
221
1568
982
1530
1039
1666
1458
934
878
678
1729
126
446
974
199
1184
556
146
1785
1770
331
1175
1990
1032
767
1262
1945
809
371
1856
1442
1541
1240
953
899
293
1380
586
1480
589
168
1001
1488
1790
1330
1174
933
254
4
1951
1910
57
1041
253
181
960
280
1474
863
278
1030
1935
668
387
1102
500
1517
588
1428
62
1718
1104
1459
43
890
1615
1466
1129
1186
717
1565
1523
1637
1308
1114
454
1342
1263
1512
730
1092
545
270
1760
1275
1333
1494
730
409
1630
1205
1980
136
117
1847
1600
611
860
730
589
463
525
389
1987
55
784
1067
736
128
564
1071
838
1375
1635
756
244
220
1730
1075
1447
1715
464
1489
1532
296
690
74
1740
1416
1862
972
1521
1727
1100
1969
637
540
502
1214
1912
445
1714
1583
883
532
333
1938
1540
1135
112
1315
1959
759
1093
632
1194
474
707
549
1847
983
139
1588
1267
1357
1211
374
1526
94
361
1885
1846
1636
606
1171
758
920
1024
456
17
1082
218
1531
586
449
358
1428
53
1445
1924
768
1186
1034
264
1908
1515
1921
1280
878
1460
1596
1560
1669
1920
1539
1565
1610
1581
1172
1587
1182
41
103
1818
111
1637
616
135
1445
170
630
1873
1576
1863
1690
600
1573
1546
931
1663
1607
1957
1266
611
954
726
1298
513
1523
1870
1974
49
296
452
894
326
218
613
744
898
833
641
411
703
1979
1404
586
708
275
1166
1740
700
425
230
436
1997
1238
962
1558
361
1473
563
971
887
969
816
407
1071
1382
932
992
1300
1411
834
1883
1309
316
1032
1013
903
943
265
1165
1677
1578
1620
1532
1950
730
1234
1397
1632
113
1264
1209
995
1589
692
575
252
151
952
126
892
613
1312
1269
65
121
132
933
179
280
217
1019
193
645
1588
1248
1540
1574
571
954
210
624
42
942
1978
13
417
1563
518
1590
497
1717
1482
1545
1835
1930
1239
43
1039
1768
10
1293
709
969
198
1126
1072
1658
1974
1503
741
1465
1619
174
569
416
1965
1135
1796
1546
658
1421
1990
96
1415
343
1433
977
526
287
1906
1565
1876
923
1633
1174
1075
1970
576
995
1842
1597
1972
729
398
959
419
267
129
1071
1089
553
1030
1602
1902
1200
620
567
211
671
1742
1617
1873
1710
840
1776
941
1819
791
1132
890
1458
1229
1403
134
1838
1665
1180
506
503
602
1984
1906
1424
1602
438
1583
1595
1150
1900
752
989
216
1199
206
1232
1665
1314
1466
1115
1531
554
209
1584
13
327
1166
1865
1134
68
283
1135
1599
881
604
1555
1918
435
806
1714
1488
677
872
1066
212
1472
1697
143
899
582
1011
1923
1353
708
83
1793
1676
938
1825
1529
1497
348
1052
769
1065
1442
1789
1601
980
672
505
1007
1386
123
1525
746
45
423
1701
1158
1534
147
517
1660
689
784
1192
1691
997
400
597
1914
825
514
599
1879
890
1989
721
446
1418
266
629
1834
271
1668
1110
216
1816
834
1324
890
1148
629
148
1466
742
1417
1733
792
915
1804
712
822
108
739
497
1368
253
1541
407
489
472
1109
871
1998
1526
1814
210
1556
368
426
1849
570
293
114
1820
1993
993
1625
929
1840
1275
1576
124
908
1352
616
1165
1186
1264
439
444
1886
1195
833
1207
1943
1162
1857
725
1065
1987
130
1835
1279
271
1649
749
1829
1358
1324
433
1036
104
561
1045
1873
591
1917
1436
1682
421
1003
743
1331
1096
163
146
1705
1827
1334
752
1330
1884
1185
1443
1368
1757
1578
237
246
1911
1716
942
1573
467
560
1332
1375
272
859
973
438
1915
1383
1550
1182
591
1672
639
315
809
1781
1531
628
1286
66
296
1468
324
534
1741
77
1412
1330
306
1583
870
1918
30
554
432
929
1633
954
1296
1915
502
1639
1905
91
839
1472
1159
19
201
320
966
183
286
523
1075
630
514
1089
1105
1307
815
1627
1390
625
1150
277
419
1787
1776
1949
1551
1658
1008
711
1693
285
384
193
1298
1899
1995
604
1126
1821
1880
1282
1297
884
782
647
1208
1433
705
1042
570
1782
323
694
1068
839
85
1595
1529
1867
1372
1234
183
1718
505
985
632
1776
1082
78
1151
1908
1564
1269
660
824
1856
49
904
1054
477
445
808
270
1214
109
338
1321
990
1981
207
632
947
438
329
772
367
536
1954
583
1615
1402
16
1113
1179
731
718
596
1876
380
474
133
1755
812
210
820
1354
569
536
658
1552
349
1010
1179
1503
1329
1134
819
701
626
264
946
805
380
974
568
411
642
584
1594
1577
595
1833
1511
1560
695
204
1935
1567
1144
826
699
636
715
1297
650
209
456
86
1164
1015
707
568
1296
239
1628
232
964
557
545
288
185
247
635
629
680
1448
1047
426
1116
1424
209
946
853
1553
410
401
1125
1482
1568
23
356
1993
1360
426
594
457
794
1309
1305
1591
1415
1379
890
1418
126
1509
1773
1234
1486
1180
267
415
1780
1662
754
826
888
565
1522
1341
1708
1616
1334
1733
1980
1309
1033
1381
534
1504
355
557
454
619
686
1662
1085
1867
861
1312
747
1040
440
213
1368
85
436
1483
865
771
1230
96
96
1256
1241
302
785
375
30
1759
558
967
1907
1623
92
768
1156
288
482
1048
1330
1622
243
1193
1961
943
391
1206
1159
1752
1052
569
1273
317
1676
218
1540
213
944
1035
962
459
1027
1907
679
1745
1358
677
704
1971
1504
424
78
1051
908
476
6
1584
45
105
1382
1834
1666
1642
281
474
1170
1737
204
1297
198
821
124
572
361
1194
822
641
1577
1216
528
170
1434
61
1283
378
295
68
1038
1546
1731
1021
1147
1865
329
20
1075
692
1749
1979
217
789
383
836
1714
1465
865
1603
147
1154
78
536
89
156
1213
814
264
961
1456
1539
1725
968
1478
1409
160
1992
369
1168
692
1851
90
153
1728
1137
1479
121
31
514
348
1770
790
573
777
1857
571
756
347
1941
1222
1006
322
1504
263
814
1609
1182
129
1460
1959
1194
1225
1532
1707
832
1671
267
638
1926
475
24
70
433
527
1409
1441
1510
953
1883
1494
910
1005
1150
1459
47
66
1871
462
1056
107
1258
610
1469
259
161
1002
814
524
1671
1364
214
1126
753
505
1430
1871
393
1211
127
1521
1552
1602
1665
771
1700
1462
1481
1816
1854
1769
1489
1706
1265
766
141
680
1158
216
1226
1196
1058
1701
776
1610
107
998
1028
1136
617
1513
1714
1742
520
1991
819
1333
461
360
1392
755
1363
1604
1069
1381
525
1316
1340
391
474
1054
1095
1637
1424
587
713
1627
1913
967
1181
640
586
122
22
449
1886
1888
199
920
1710
61
172
582
1454
1915
199
1797
42
849
1748
744
1827
211
842
13
428
391
560
694
263
533
32
1080
595
1536
742
476
878
1123
1090
1699
1804
1871
1161
1229
1206
1587
1175
129
60
743
1665
665
1769
867
263
889
1893
1289
1535
475
342
1250
1210
1803
256
644
1480
558
1678
1892
838
1902
1155
487
945
153
1218
845
1054
1530
856
170
130
1785
1251
1713
562
366
1900
598
1495
797
1783
1004
1457
364
717
1981
306
998
391
1599
1053
536
646
1516
1991
1539
663
517
552
682
390
797
627
1816
1835
677
790
534
228
910
348
1209
1123
520
646
788
1979
182
1910
1358
491
698
1641
950
1086
53
928
327
714
1874
567
1184
65
192
1182
1907
1431
1225
1307
730
1081
1960
138
346
837
1048
497
584
135
1861
1411
1528
479
458
23
1246
1164
949
1307
275
675
574
1039
746
1940
1720
500
435
536
45
394
1962
1115
644
1106
1028
403
869
661
1811
1130
1295
754
1923
1478
1775
1580
421
671
361
422
554
450
140
237
1511
540
1813
1990
1413
5
802
1865
871
313
1076
1977
1802
920
731
724
845
536
1227
1631
1520
449
1845
1614
1880
749
909
1605
825
385
1513
261
277
1980
1701
1146
1678
996
889
568
474
1493
220
1684
1375
1339
1409
140
1917
592
16
800
1412
15
265
156
177
1780
1007
1363
1861
938
1064
1232
173
1813
986
480
1640
256
1641
1742
1765
1240
1488
1633
696
1056
1697
1720
122
917
101
870
1368
1655
671
1195
854
1153
125
105
1030
1918
478
77
1499
546
543
1945
424
850
850
455
1520
1660
1956
1176
1209
418
183
914
1713
860
244
271
1538
1935
1206
726
340
1906
716
66
1802
1005
1881
572
214
1522
527
1308
1476
1211
11
1992
467
1144
604
1594
1615
1069
620
801
1976
1362
378
752
63
220
965
625
476
1113
1487
1337
1782
1044
823
636
534
1472
825
1056
106
403
835
1793
1438
1005
1092
1358
1160
485
1051
1796
777
750
1113
1621
1848
1404
1249
1419
1649
1551
499
1467
1041
1136
513
376
1110
1532
1819
1875
1932
843
357
505
1238
1860
149
334
1099
711
1738
1888
272
290
851
548
830
428
1941
490
33
1946
47
1951
63
1048
1060
1752
1025
871
873
403
40
1302
144
696
161
1345
249
1577
1761
1995
423
1687
1062
725
1022
1270
849
20
1146
1518
6
11
1555
596
1984
565
882
429
1293
1667
128
407
613
827
570
1881
1629
184
157
700
240
468
748
1779
1952
1379
1625
1909
600
506
1986
1467
1454
652
1490
1769
442
983
1361
1843
1181
176
163
1690
74
1926
1826
1827
1861
999
1254
267
892
1133
256
1994
892
1502
1410
1319
1557
545
528
915
483
478
928
189
293
898
1688
1389
1948
1465
153
1437
1626
646
2
1877
1104
615
135
532
370
336
473
296
395
202
290
739
1211
934
1405
857
399
1708
679
251
1333
1926
1301
1699
273
444
933
661
1275
1638
1003
1251
163
279
1926
1531
201
1991
1127
913
1816
933
18
274
1299
1402
1341
1178
1068
1300
807
71
1306
1973
1884
320
1534
884
1150
1271
1322
1539
402
1743
362
1191
1476
1545
471
691
4
1399
332
1839
1399
997
210
271
396
447
1271
710
1057
476
1086
88
1744
1999
1154
1636
1676
379
1807
1364
550
1635
126
457
427
570
1224
1509
721
1807
582
1811
1947
840
1098
667
1628
1333
939
1314
862
177
110
162
1270
277
398
1362
1576
1920
471
1785
1506
15
228
750
1297
1089
1409
1218
1132
1739
1946
669
1698
1128
1257
1976
1717
1161
1318
1392
1978
796
576
1123
1494
35
487
1290
1099
1497
1241
1448
1103
707
84
1398
881
1998
1522
1060
1140
884
408
1610
1275
1129
1209
1575
1216
735
1380
109
987
1920
1246
1967
1753
253
1346
480
438
570
1505
955
1762
765
1295
632
349
429
1390
256
1047
1763
852
1119
1656
1275
1508
1900
734
1771
1447
1588
613
1617
536
199
855
1052
895
664
1886
1242
751
551
1080
148
656
564
1754
550
1688
1387
432
345
687
635
1240
754
1261
1240
124
1064
1773
1676
1534
315
1382
1283
1686
1685
118
737
114
1228
629
400
490
1547
1107
1968
389
375
64
785
351
1591
1552
890
1503
931
410
1311
336
862
1165
847
1088
1339
1609
810
1296
1335
1690
206
1677
1494
1692
1220
999
1335
1367
819
138
750
627
1195
520
280
264
1180
1561
579
444
168
1255
914
1814
721
51
7
1958
1618
1670
1114
1840
58
64
738
1140
1298
956
708
1850
1895
1869
555
1019
1311
1438
499
1650
89
1730
958
615
662
1216
1820
829
1085
405
1546
1783
1541
223
1999
1413
511
1594
1664
1480
1952
910
1682
399
1821
1189
676
497
1912
1978
136
1884
700
1676
387
1683
907
490
1366
859
912
1162
1283
531
1434
1325
31
629
348
741
1540
822
1373
1667
692
557
772
165
986
586
411
782
631
1444
1650
1246
1102
739
369
571
1779
366
1290
1266
374
195
662
1091
374
1217
1912
1137
1988
1829
276
719
452
1406
194
1713
1020
794
1806
1802
1171
1738
809
681
1533
1195
1468
1787
789
439
1115
832
1562
1914
870
1819
101
301
749
718
748
694
266
1490
91
37
87
1733
463
542
356
435
94
1789
406
1855
1337
1933
966
374
1690
1021
814
159
40
1503
407
603
1721
1885
858
820
1988
1193
713
1772
1455
181
1267
703
847
78
1995
1236
1355
862
98
384
719
406
732
930
639
1774
315
941
806
1153
682
1769
1236
1747
856
520
584
19
1340
1900
1067
1802
356
1272
918
365
1676
194
925
1879
874
1007
142
957
409
832
1261
465
338
1554
370
150
320
655
1092
1989
1587
651
955
755
1876
1408
597
75
814
1150
73
947
213
834
402
1232
794
581
1933
8
170
845
1481
1592
1958
577
1870
1057
247
1418
1329
1337
1118
771
1298
785
1919
1396
1487
846
1252
544
1713
196
277
1525
1228
1864
1802
706
562
1804
754
1557
1240
1485
1992
1252
358
99
249
345
682
392
1975
1037
1464
803
1183
1737
1510
877
780
853
618
1213
1516
810
1410
753
1868
1739
1534
460
1646
1117
1436
1060
1226
118
1478
979
536
1170
843
1641
1913
534
1580
158
567
757
1561
1905
231
151
1113
1590
814
581
276
838
1769
1130
630
1443
1335
1372
1563
1409
160
1867
1745
518
1051
533
1663
1523
12
1782
1313
720
1870
310
1995
694
1634
1998
1363
329
1414
449
1447
411
1922
150
1338
462
214
1746
1700
1713
815
1576
1760
130
867
488
520
1271
1998
658
825
514
86
1869
1073
588
1173
444
1332
11
64
835
870
80
1538
1698
529
1309
693
1459
15
948
950
14
252
1340
933
1892
132
867
1653
1389
38
748
1472
847
94
679
541
931
1109
966
357
1589
1107
114
444
1259
388
1820
1202
973
1941
527
201
125
1273
1161
1520
1761
1344
727
1299
253
486
119
1812
808
541
1772
647
10
1180
1924
607
1160
1863
97
209
532
933
459
947
1837
963
564
88
1656
1534
91
1723
466
1815
1494
1137
1202
1881
134
1300
1733
99
1050
1287
1526
138
1820
85
176
1852
653
397
1195
1448
462
1470
1449
1393
373
1350
1652
353
124
580
1931
973
1509
621
860
694
1092
943
1035
1168
1439
1872
1180
539
29
1436
1178
710
1146
1391
811
735
121
1440
670
1158
1775
985
947
1580
1538
1179
655
903
1608
1438
128
1059
908
972
354
1474
897
1958
147
638
781
589
755
1043
875
413
1383
471
1412
1572
96
1235
409
1549
1253
736
135
1417
968
298
1482
976
159
1261
827
1519
1150
817
753
273
1308
1068
1518
1495
1818
163
1190
1065
1103
259
746
1552
1681
217
150
995
186
1208
1357
1189
1310
41
1868
927
1868
357
1077
323
1673
85
1471
668
1003
599
349
54
1911
1008
552
1896
1206
344
1569
363
1293
1212
1743
1288
522
661
1421
1771
1268
1355
1198
1450
1376
1071
1142
1184
1310
906
1286
1970
408
1365
167
1469
1363
873
188
635
240
1554
308
1717
1596
1489
674
186
108
585
1053
86
1590
1507
264
100
1454
1187
816
1758
1839
138
1034
1031
592
672
615
27
1677
1796
204
1008
911
1179
1614
1462
586
1750
1481
1602
1510
295
1608
737
420
1403
1416
105
1154
546
1681
772
509
1662
70
1010
397
283
355
407
202
1326
153
1023
1563
1562
678
484
1047
131
1199
526
325
588
1140
493
273
1537
313
83
1606
1649
1314
73
1028
1761
1205
876
1404
1911
404
185
1106
798
948
578
1088
1564
189
1881
93
700
854
1564
220
666
1922
1319
274
1654
1092
724
534
484
838
72
82
260
1173
908
1345
213
768
1356
3
1860
609
811
483
101
140
313
425
1321
1572
338
894
5
1786
1022
141
777
197
767
1758
265
1491
1108
323
1936
1289
61
1626
193
1133
884
1122
686
211
836
1120
201
787
1171
1858
1459
559
737
950
1376
539
1971
691
672
126
645
1770
221
1436
1145
13
354
76
1315
220
222
960
1254
1087
606
1937
1324
676
1163
672
1555
814
832
1089
907
1577
1343
1248
529
439
431
5
1508
775
1528
1421
1304
1531
1711
151
259
742
1597
380
1218
1407
605
776
1444
464
1607
461
254
835
171
1994
857
1308
202
1527
860
57
1769
1676
487
590
952
1938
616
1910
1157
1676
227
1375
1434
1293
1590
207
1580
500
1999
612
1061
690
1189
631
1831
1117
978
1245
1810
499
1467
597
1082
962
83
1575
1785
331
840
1072
815
249
1515
1476
1914
1763
1039
165
1477
1675
444
68
51
764
406
642
1934
865
225
733
1331
106
1676
1367
1545
1282
1438
610
1922
44
1947
143
1320
1203
152
812
1162
1336
8
1973
1808
391
954
56
75
911
1865
1978
1863
889
184
362
1345
1090
771
564
369
821
16
486
305
762
1401
1860
624
29
1731
568
1913
1101
976
250
1517
1170
229
1019
887
780
488
483
1781
777
164
1364
1796
631
744
1351
919
1482
416
1232
1503
813
289
746
708
976
1208
1398
1426
623
46
379
109
1703
1626
605
1584
516
1584
1670
645
741
142
1297
1277
676
928
1627
1625
1109
1780
640
782
984
804
893
883
1782
1696
306
158
1758
616
1148
849
687
1633
108
416
605
1687
1227
83
242
1286
1224
578
1291
1194
1395
1819
75
1202
923
1263
1460
1568
903
868
966
829
1722
1419
1186
410
1070
438
1913
639
1910
1318
1198
296
1222
513
583
1561
34
1857
1757
1019
1302
1422
288
1052
270
1456
786
1207
757
668
1505
297
1315
1147
1040
1671
1780
468
1716
1125
1244
1439
211
1167
485
1358
1562
478
1850
1637
1287
678
1549
252
1629
513
1652
446
238
1024
1338
1581
1722
442
160
1052
687
1211
740
125
1080
788
1092
261
1575
1042
1448
776
1472
1760
608
1336
582
1617
1606
887
746
1861
1855
1066
806
688
1657
938
1307
1170
1032
195
1387
452
46
1595
75
331
162
555
260
623
1676
397
642
1095
1584
791
1666
479
1036
1934
846
606
585
555
1067
178
288
1637
849
1243
786
31
1049
1857
1481
535
364
1162
559
612
1862
902
1367
24
1252
82
1543
1175
1875
1636
1734
1757
159
1779
756
479
818
1090
959
1314
586
1277
105
437
846
952
99
545
1747
685
621
38
1799
1923
1355
840
1446
1093
535
409
1586
668
248
1238
998
127
1395
1197
52
712
926
13
830
1399
1866
287
1119
1923
676
269
1900
70
1640
27
234
1973
639
396
901
644
1131
500
1330
236
1720
1340
1170
1247
1753
1779
823
1944
1470
1167
1628
1934
1034
1721
1337
204
414
597
600
831
1210
1008
1012
1946
1724
1805
1845
523
22
677
499
1628
1975
1411
231
1385
536
1397
1878
565
1142
1029
48
1019
1003
1049
1661
1420
1300
441
1919
1933
756
1756
535
672
1428
1875
1349
213
1827
605
773
700
900
938
360
24
689
1755
1690
1443
1858
1560
1251
1824
1338
660
472
257
1233
1677
1678
912
1181
1416
1507
650
1583
383
1629
1247
1795
1631
1917
1379
395
344
1691
1560
1812
697
1980
906
1360
832
1128
462
1750
1712
810
1661
831
1309
1746
1464
1189
1636
869
764
1166
962
664
2
372
733
662
896
912
67
347
599
1261
224
1113
1397
121
399
1865
1376
1802
1273
1664
533
1526
954
132
132
1273
1158
1472
368
520
517
555
195
1415
664
680
889
1717
1556
100
1372
251
1039
101
1714
1148
1222
1736
253
889
1724
118
1703
481
1443
1432
1424
1898
475
1502
177
1192
45
917
796
1429
97
158
237
458
1039
1646
1867
1365
1366
606
2000
991
1766
1232
24
574
708
715
786
1756
166
1521
1601
680
1247
1107
849
629
78
287
516
121
1312
1530
296
645
28
104
186
1278
799
1288
1836
990
997
1683
1809
195
377
170
1321
1833
528
158
1478
1884
355
1507
1002
1303
315
983
1211
102
1955
450
1933
951
949
1115
1140
354
521
1622
61
1750
652
399
1874
804
1061
1037
1690
811
929
486
1236
971
129
1755
1019
256
1795
311
1625
495
357
1271
78
971
427
1664
52
798
721
949
204
1772
1308
890
1439
102
1326
1164
1848
177
258
1392
1749
877
1445
371
411
356
979
808
1396
1709
1058
1401
579
851
601
791
376
1783
956
862
742
1001
1810
946
1805
493
581
550
1335
1193
705
149
952
954
711
1775
884
1801
173
1383
1299
1734
753
181
1614
1153
644
1376
238
1165
36
1289
119
1953
1237
1402
987
518
1058
424
942
1249
259
739
1421
753
498
1364
1995
856
986
1706
1661
162
1222
499
807
1352
120
671
1782
583
1611
533
821
1207
720
1461
711
298
293
560
1114
900
1314
416
623
570
662
877
1497
910
1632
1727
721
47
1675
1368
1823
572
1433
1884
1915
235
1186
1716
695
1606
73
1833
236
880
1748
280
1208
1683
573
456
1388
837
523
1537
153
1781
159
83
74
131
916
1513
1645
1522
622
1990
990
1510
1645
346
1827
1707
1841
362
837
1787
1800
425
178
776
1619
628
1302
345
201
245
1131
1461
534
374
1712
1666
660
601
935
1071
36
1757
596
822
1876
514
163
501
957
334
1280
563
1969
1268
1525
432
1285
129
72
726
50
1710
1762
1795
746
448
704
569
219
1162
833
778
1308
127
1912
234
1366
529
846
112
938
1502
850
1062
1998
1858
1078
1238
804
706
445
1853
1911
1014
1698
396
1151
191
875
1531
1611
1782
1387
277
1082
819
1501
340
1485
1027
1981
592
387
1780
1229
168
113
55
1731
1410
334
1594
340
938
667
377
1240
1266
1556
777
1676
739
1240
1460
248
918
14
1740
21
1944
1439
514
1141
1291
1754
1038
1843
714
1871
1288
1791
910
1980
54
306
541
893
734
944
1669
1917
1699
10
48
818
1737
348
631
1992
1066
937
1540
886
383
1195
1166
1393
1117
953
1346
1308
1585
1765
512
1228
867
1759
737
384
441
1014
934
110
79
163
1897
1809
1229
1724
1898
1501
1686
196
1212
194
883
547
128
233
621
1319
1663
1442
1092
1275
718
285
1118
1874
1229
1832
1140
1234
1505
1454
1239
1880
851
1032
72
1135
487
555
1240
1356
1677
254
182
1695
954
1065
1194
523
1275
1263
550
1665
288
38
1278
1008
71
518
907
207
93
1482
854
193
1559
729
6
1310
191
566
733
1698
1295
1041
82
1607
417
813
1213
685
962
918
1177
1388
988
1125
151
470
1829
1761
24
113
568
97
1018
1471
1122
1969
309
1080
161
1474
1497
590
104
1714
1835
885
1396
1452
241
1725
500
1693
281
1172
1102
503
64
98
1222
1117
83
439
25
543
546
1828
1761
631
1165
587
944
1743
1868
719
871
895
908
467
409
1485
1238
1419
1241
1103
1010
1020
68
888
1118
290
1986
1550
1635
54
1619
1651
1407
1754
1606
1943
513
351
1401
1943
1578
1889
1686
519
1468
1197
495
1232
403
644
1302
451
1001
1267
367
167
716
605
1901
528
1051
779
1903
1970
511
589
1587
1243
1048
581
1352
1353
1269
609
732
343
1418
1407
1806
961
287
727
950
1089
157
1234
1592
283
919
329
1077
869
753
1582
735
1358
66
1824
662
508
601
1741
1200
1663
360
432
179
1443
624
1202
1728
1639
1303
35
183
503
481
35
1191
1450
800
1915
294
1795
529
741
1921
1762
1184
1340
1101
1273
1055
1273
670
645
711
1581
1708
1456
205
386
1102
960
660
217
1169
456
363
1932
1863
349
744
566
1142
1188
1392
480
1754
795
261
1978
605
1463
388
142
870
1664
1391
727
905
1933
113
96
958
428
1260
889
1505
1070
172
467
227
1215
68
1424
1654
1334
70
1376
1208
454
926
1319
470
167
819
155
930
1199
961
1583
353
380
536
436
383
174
1380
1375
1160
1176
1404
127
1510
606
1696
1576
1814
1567
1084
1974
1161
654
787
1483
1912
1165
458
172
1813
775
1751
532
413
1621
1837
762
1428
762
701
1417
1469
299
1210
1351
1235
170
1481
1380
1522
1154
1090
1312
1780
1297
668
1587
155
254
1870
456
1299
1908
520
510
468
1881
1030
1419
1368
717
827
1512
803
1734
66
1355
557
535
337
987
1013
128
1942
1171
1212
734
290
562
1749
749
1623
818
1241
97
1076
1915
100
224
856
652
619
1696
858
460
457
1794
1540
1482
1157
750
1993
1421
485
1966
1051
405
1146
701
1081
97
1191
1330
1621
1962
1016
1335
115
285
1530
1867
320
523
865
403
482
1173
24
1293
1290
461
372
1075
1785
1344
829
1425
871
305
1140
234
1194
1426
1129
382
832
815
1
685
1889
389
1065
1018
1446
1006
1008
434
884
612
1537
1536
1625
1242
1975
1364
1112
1852
1449
1152
1735
1450
1053
745
941
1164
6
519
787
1551
1946
1528
1928
1778
1787
488
1979
1463
1144
1227
1047
1638
988
1667
1037
710
806
89
707
716
836
956
499
39
959
1578
1272
428
1419
1278
1196
1403
603
917
446
1102
1356
796
1558
633
1788
1568
947
944
846
1459
685
804
1074
1434
6
739
1606
830
1434
951
1293
876
828
759
900
301
1148
86
349
1037
813
988
1148
908
599
597
954
1692
1457
1054
1335
324
1136
726
1206
1218
799
994
306
466
836
1622
1000
689
721
909
1467
1527
903
1128
838
1433
204
1227
1138
1582
1870
451
585
1092
1529
63
1555
478
1751
272
1084
831
958
1653
1716
84
1333
1194
866
1757
437
1170
1178
1462
637
1604
114
1623
249
1725
1900
966
1249
514
700
1363
1719
192
1900
1784
851
1468
1195
1709
1503
1282
318
1849
657
1532
866
1869
1651
1414
566
628
1075
1691
340
1084
422
1627
1637
1091
352
944
1771
335
1163
1367
659
897
239
900
104
542
1644
1526
132
1408
1489
1916
1472
704
1189
589
518
603
1587
412
563
1653
1353
770
350
430
219
337
1178
823
1830
416
134
1979
1585
708
1424
1668
377
1583
689
161
1459
1479
1982
445
508
1475
777
441
691
1842
206
1524
1770
966
1793
1459
1844
1783
320
1303
1816
1715
996
1737
942
521
884
1732
1536
1730
1798
1257
1135
354
1132
700
1821
709
1158
1587
649
102
1713
2
1747
590
1721
265
145
780
1658
431
1914
451
298
1672
1433
402
1604
473
1495
1571
836
224
1407
144
1834
1905
901
848
863
1726
1991
652
1674
1916
828
1384
1877
1442
13
662
453
77
159
897
584
1122
100
1397
1571
1915
1074
1634
49
1994
1174
2000
1527
1348
207
1053
1090
332
1642
1480
1931
1114
934
788
582
754
1344
1426
427
1667
1744
694
306
971
927
597
862
1283
256
1535
1985
1839
717
1997
1037
1981
1991
1564
134
1937
1307
1481
1204
1952
1251
461
1207
1814
114
69
1369
740
1188
492
930
407
408
1228
1663
1496
983
719
3
1152
1123
393
363
501
633
1593
527
180
1387
16
804
1550
109
1372
823
30
187
398
1653
660
1048
1525
1280
1043
1402
707
1367
927
385
1906
1495
1964
6
1686
539
102
724
1633
904
1826
1716
1108
1912
992
1177
1043
1214
612
1335
1263
461
865
1188
254
149
1390
259
1741
121
1486
1437
423
759
1299
1070
835
68
1178
1228
1095
1343
1214
454
35
1844
1873
455
1319
659
506
1879
1573
860
1568
499
1495
554
1760
1139
573
759
1553
684
642
1018
1177
416
1928
1812
273
1707
1038
293
263
172
297
1704
1517
849
125
1388
400
401
1074
304
343
1144
747
1461
1958
774
988
419
1885
327
121
1615
1848
141
318
1770
203
1575
824
43
748
125
126
234
647
468
101
646
516
1746
960
1267
944
488
1610
1104
148
526
168
399
1817
111
428
1947
1737
1918
1094
895
1558
177
184
11
1077
214
1468
1988
799
848
965
68
423
777
1649
1762
295
257
1260
1721
452
1443
1623
1723
1069
1426
1477
417
312
43
378
1049
1228
713
1090
936
1573
1879
1202
1513
1132
378
915
500
1576
1881
408
1797
1041
1819
1076
8
152
682
862
1933
961
422
94
18
748
84
1221
1917
642
81
357
1782
635
1058
1503
335
964
1408
1141
589
670
851
1291
543
1951
10
1583
678
1466
890
1976
369
1654
787
1231
444
1155
1172
1013
975
1550
297
1577
707
229
1820
594
435
1563
149
1725
137
1387
134
1729
215
612
1609
34
1063
560
884
365
1805
1501
1112
872
1872
377
1504
1248
683
739
1591
1137
1914
663
1049
661
271
880
1430
1498
392
37
1702
1707
749
1649
149
1918
1696
1750
1335
1879
910
1405
889
1330
848
1131
1599
392
913
237
1270
96
1766
152
976
1781
1382
614
1139
912
503
1645
623
385
770
191
1674
1075
563
961
916
1842
910
421
833
1601
257
1080
1440
1020
249
1669
3
1260
1274
1030
1828
473
54
1163
319
586
1286
1066
635
1487
1423
951
91
1549
1380
649
1646
835
1685
57
891
1773
670
971
244
1871
1691
183
898
1730
1973
1812
1640
1834
749
1030
845
1399
1191
749
1471
1138
1264
1599
1870
156
1039
499
1672
1239
1829
1550
384
1825
863
1450
1795
388
301
888
854
1513
1347
515
395
765
867
1291
1454
1155
2000
589
429
1318
1509
1858
41
1342
948
1051
469
207
188
1736
1208
850
1376
740
1040
814
737
1219
122
1054
757
1626
949
56
682
1566
1520
589
906
483
54
1826
910
1502
26
585
989
1919
1774
921
108
1351
205
1814
677
294
1364
525
1418
1220
831
465
1844
1526
361
1115
1146
1002
1305
378
612
1508
735
212
1518
1794
426
872
222
565
1415
1388
400
426
1265
113
1327
1127
736
819
728
1525
778
1138
1250
406
501
536
590
130
154
1836
1466
1438
561
1746
715
1810
1705
1134
763
296
281
440
168
1447
700
410
1699
1209
632
702
1657
538
1687
1433
1694
487
968
272
652
186
869
1584
779
1594
1491
1014
1472
1328
1724
1845
12
591
294
793
1924
1659
1264
376
1744
1288
74
1135
178
110
478
1674
1207
1528
910
1787
1648
397
775
626
1757
1573
339
655
966
1849
1339
1967
1392
257
285
524
1860
882
1238
109
1077
1818
1936
1073
1721
546
1607
888
1941
25
1987
944
533
1355
1145
824
1022
1917
285
1006
1854
1931
1227
234
1159
901
264
864
1272
791
1121
1758
320
1432
37
396
467
205
1345
1868
1968
1571
381
914
1060
167
1251
1569
1954
567
1106
1625
330
23
1428
1019
373
1580
1157
1846
924
395
156
1711
199
1801
1839
1287
1915
34
1516
1002
1945
1141
399
26
1151
796
1980
1969
893
363
1878
1135
1537
345
1836
1813
478
128
1313
1809
475
105
542
299
724
1065
825
1611
1057
401
1679
1036
1176
962
207
1202
1082
138
613
464
1708
861
133
1126
827
741
133
241
592
594
1494
145
399
1230
350
316
996
1468
1922
1098
62
1741
1282
1731
851
1657
603
1947
1232
1266
1430
1560
1303
1018
1029
1372
676
1683
1593
1293
1955
697
723
447
1121
553
526
1440
901
255
455
508
106
735
1375
1557
1907
1987
1576
1733
576
1934
718
298
1861
1316
14
1290
1515
46
1408
48
1961
14
789
1004
8
1381
579
497
678
1258
482
1586
392
1427
844
944
411
86
302
500
939
882
1172
1960
611
1562
1588
184
1723
1414
920
1570
225
1212
1299
972
692
1387
1802
388
1427
1780
633
1228
1318
467
686
49
1732
1201
111
1232
2000
35
548
337
1473
252
252
1338
249
475
415
802
1265
1310
1828
1333
322
651
313
1769
1510
1420
134
200
1904
296
1836
590
252
386
377
211
175
627
531
632
262
23
364
1874
227
908
8
703
322
244
1734
1800
705
792
934
1151
686
662
447
1156
753
118
906
1988
399
1645
254
64
1774
961
1919
1751
1248
1406
1334
1769
1083
696
1193
1158
520
1201
1550
1213
1883
67
1953
1141
328
1067
1458
1348
1145
822
1508
508
1258
569
830
769
1817
1477
1902
122
521
414
368
432
1348
1130
1298
828
1721
1820
1723
1421
1748
205
106
1001
1090
1227
1990
226
1863
1263
1887
1644
1551
1967
1266
1146
1818
1051
751
583
133
355
1883
1261
1326
1573
1677
206
594
1573
1451
1818
1845
771
1752
1526
1922
674
1657
1303
724
297
173
502
689
1414
79
623
1719
1168
147
978
1451
1085
1474
578
1920
30
73
1997
1215
1850
1638
1012
1440
94
675
1088
777
352
89
1209
1763
1094
1302
615
741
1314
390
1707
110
1449
1654
1945
1814
1025
1632
568
224
1700
677
568
1861
1670
1843
618
1927
1638
1033
1540
104
1773
511
312
1428
985
1237
515
79
1403
1000
109
1017
509
571
951
254
1123
756
270
128
917
1675
68
1139
981
1281
45
1830
1184
1635
1531
1169
780
1567
1135
931
1080
1696
1182
1708
474
317
517
996
1589
352
502
683
1394
1855
20
1997
1741
767
527
1870
286
1313
1344
1818
1033
1993
1058
1562
711
889
392
1329
1460
296
687
1247
418
1492
119
338
559
1238
1312
396
976
1741
1292
117
1979
1867
489
1439
1654
796
582
1521
417
1499
629
936
272
1745
943
160
228
856
1398
425
430
1225
32
1810
1165
740
20
696
1084
1499
1737
104
1633
1209
693
1236
904
490
1798
1337
1756
1810
455
418
1603
1423
1228
1833
357
1692
1601
1297
1090
1671
621
402
1725
704
1411
1547
1112
1802
1087
308
393
296
1435
159
1702
1182
307
1102
1919
695
1704
1166
1814
1721
1753
662
760
1769
1609
1728
1098
1513
639
1168
1949
1310
1914
783
787
1156
160
1298
1426
1683
544
1442
1319
498
1264
166
1370
313
1881
1893
872
581
460
975
437
1385
1652
865
1445
1228
1522
1955
73
751
543
279
860
811
733
1496
1377
43
1931
1938
1645
1923
1033
1852
318
1368
1766
1531
824
1429
1466
162
917
218
1513
1145
400
1475
637
885
823
1609
1127
941
1901
404
133
870
272
423
931
834
1503
418
1947
5
91
822
1421
861
1107
1617
249
1895
1079
1763
1317
1598
782
1619
1051
810
1440
1937
269
1466
832
1006
1703
1469
62
602
625
1849
1843
1602
1582
1253
886
1949
383
1083
374
1502
686
722
419
779
968
1073
645
543
416
1568
1478
1334
873
1206
444
1104
1429
512
777
1060
1202
1257
24
1103
1507
1341
1380
396
755
403
469
766
1450
1783
196
677
1495
1445
256
449
1607
751
1041
1802
1750
883
600
1070
583
136
514
511
787
1002
1647
1993
1992
1274
712
1110
830
1885
1818
1374
1073
1689
1336
1491
1694
894
409
1200
861
736
823
524
1339
1328
467
589
197
1381
1646
1305
381
403
1692
616
163
921
850
1913
1667
193
236
1878
728
909
782
1141
136
1176
1904
420
1574
1285
1183
1257
1133
1527
422
1871
179
1261
506
715
537
1708
239
546
1388
1868
456
95
728
467
985
1198
1095
856
728
765
530
1501
1820
1104
1010
153
1530
1735
917
680
233
1005
1540
1174
73
295
90
564
1060
934
1547
1641
370
1641
1071
49
1240
647
1727
757
1424
1743
1173
1753
1960
1228
518
311
895
625
1638
620
127
374
48
1092
490
286
1699
1663
85
1455
412
1237
328
13
1703
486
334
1804
812
1763
1377
586
1511
1470
1907
453
1363
515
1098
852
657
1423
1014
1795
249
449
322
454
1774
195
649
647
1903
1676
1636
61
133
640
952
378
1976
794
1798
513
852
5
425
1875
1291
1939
734
1992
886
207
1930
1264
1186
1595
567
331
538
356
334
1703
521
1956
1668
1829
736
1101
704
1602
1937
32
1361
1965
1357
262
1643
930
224
1724
220
798
364
473
891
1264
18
723
1876
1078
703
1266
328
1952
1560
117
586
1504
1322
1848
1810
1525
1410
1541
1611
1295
1433
1684
1342
619
490
885
901
1873
1567
1360
797
1377
530
358
1917
1917
1420
1410
1057
744
253
463
636
1182
645
460
289
389
1530
727
296
672
1773
304
1495
81
589
474
1970
314
128
947
1519
500
775
316
741
185
310
1823
1346
1996
114
678
559
903
341
1854
1518
967
956
1332
920
1184
941
1374
558
1889
691
1261
1242
526
1619
877
611
1405
697
568
735
15
1609
60
1280
68
1843
652
729
1773
1753
1096
136
152
38
975
1671
791
1542
1767
1879
1629
1648
887
1959
1623
876
1258
1415
560
1194
862
386
1479
558
441
2000
219
54
1006
564
1145
1923
921
838
1174
539
1525
280
1504
1788
1779
1283
52
1799
586
1690
233
1634
1804
1030
137
1950
1918
1792
1684
1312
978
1920
896
674
131
412
1867
507
1197
800
1206
1980
1371
80
1877
1267
844
1191
1279
1551
374
1122
1202
873
614
744
1252
1263
1585
891
1972
1792
165
1382
1701
1419
253
718
489
1932
1753
851
1371
1354
861
1401
575
203
919
1949
162
1561
1390
1827
1161
1959
1498
1987
1998
637
354
823
1731
839
507
1460
204
681
738
499
1469
978
1137
1480
1619
1308
845
1504
373
1942
1741
942
1612
570
1613
1083
1155
472
1389
148
929
1691
996
906
363
1783
370
1620
1262
141
1316
786
840
151
555
1010
319
1138
793
1548
883
810
342
1363
1037
617
1079
1582
40
918
862
1716
1954
186
199
596
484
1887
1552
805
510
1742
519
471
616
61
1558
1276
1965
110
216
1565
31
1
1609
1220
1516
1952
1249
1364
1104
506
163
704
435
1507
715
1194
274
1010
543
83
739
1263
1429
1908
1277
1112
1835
1382
589
1368
1262
418
776
26
1041
1984
1748
1422
895
1927
500
1183
241
587
361
1293
778
830
1812
631
1655
1739
1047
1896
1681
749
1513
1916
616
1861
1513
316
1979
1748
1192
1606
845
705
1184
935
1230
1213
1031
213
702
1180
548
99
1418
1238
928
410
1172
935
86
112
1764
1792
1610
954
1489
1846
1742
435
247
1929
1804
1633
1148
1118
1200
1984
881
33
1594
795
1835
1791
1310
627
1768
1399
967
1402
1628
1975
1439
920
1642
496
15
732
1394
1089
1820
1169
1896
1042
481
1544
1510
1512
467
812
222
624
1813
1199
1007
474
1109
575
1799
1317
268
1083
1053
973
165
1042
1805
550
374
258
919
100
1322
1235
538
1253
1244
1920
272
1959
1406
607
404
1072
150
1351
1997
22
1295
118
111
1107
1246
1931
1804
697
1226
1611
234
933
1340
604
1520
1794
1780
1968
1890
1943
1363
359
1983
1083
1820
380
1383
1790
667
1616
871
957
205
1954
1711
1758
314
1987
1983
713
1330
1084
149
510
485
891
262
843
1835
1208
214
701
586
902
58
372
1527
1785
12
124
1962
1455
1838
1917
1793
1285
847
1876
1429
411
527
1612
738
382
1296
209
1019
1830
1944
329
579
738
1173
203
1753
1059
1265
139
803
1619
1070
315
109
1766
272
1161
1279
82
1438
1413
662
1391
230
1543
1323
1491
63
1481
1677
1157
1415
1663
1699
486
431
1627
1301
1454
905
785
1446
239
409
1101
792
327
814
594
681
783
1310
1848
1547
948
340
64
1989
1052
1073
766
1156
549
112
1877
138
1759
1779
810
163
127
1527
490
769
168
1162
905
211
977
31
578
1691
1695
1953
1649
326
557
1573
1635
1426
1586
1567
870
1519
1206
342
1960
44
1379
192
697
221
994
545
1537
1967
249
264
1743
1284
1911
1270
1060
1663
1748
1586
1137
1057
1628
774
34
174
214
676
806
1700
817
1851
727
1515
678
869
1632
1687
782
266
1650
763
277
1132
336
766
338
474
986
1799
121
432
859
1023
328
891
1239
563
218
1077
1954
620
1852
1944
1225
1893
1763
1219
1135
1961
1541
1976
993
6
789
1314
883
1045
837
1183
819
351
412
934
1325
1596
510
1555
369
1308
1814
1728
864
665
469
1169
1877
1447
1465
248
1485
1999
478
1374
1953
1389
1299
165
1612
1792
1865
1153
1459
363
304
1157
760
32
433
54
495
767
856
1329
570
91
58
72
1339
1187
1079
888
200
1778
266
100
1129
71
1602
1442
1684
1163
1656
382
408
1722
513
1132
176
1295
537
1513
684
949
1195
735
1685
534
1742
1317
1798
233
614
1292
669
1200
734
627
1814
1823
212
1078
797
1048
1322
898
1293
513
1157
603
1305
1849
1918
1471
927
1382
1177
1766
1226
1573
1481
553
1316
387
1652
1580
1886
764
1115
1723
1475
549
1235
1464
697
1088
762
536
264
664
852
962
1023
867
286
1474
1196
1540
962
1582
252
65
473
628
346
400
1528
1935
771
1239
426
871
1470
1090
840
367
1327
314
282
645
1687
544
38
747
1440
1047
1520
1071
1243
632
1133
1775
754
16
1725
1465
1577
139
1283
527
988
442
968
1740
40
67
1624
1605
502
1459
428
541
1518
820
1353
324
1693
86
99
11
1128
374
1472
1199
774
764
1488
538
566
1599
1446
701
393
1270
100
1635
1339
506
474
736
1241
1049
1685
961
287
183
811
893
955
1120
625
969
929
426
1463
1096
92
1482
1298
664
1707
1487
62
937
851
1144
817
1325
837
1814
902
1953
993
1334
89
814
409
139
547
912
521
479
1111
908
1866
120
1079
207
560
1764
1870
1559
1317
1038
340
654
1354
1189
656
975
192
1855
1061
234
50
1151
1546
920
1289
1219
1700
1796
940
831
167
1004
1845
494
281
1260
3
110
225
1548
573
758
1752
1092
1217
87
1416
523
367
1489
1013
555
1790
1234
20
19
1270
62
1327
228
243
476
1182
1708
817
164
1222
865
810
799
1012
1638
1622
1217
888
1742
1918
1853
1853
1204
935
257
743
1217
813
439
1797
854
627
748
1620
427
10
122
160
1417
1175
304
1012
1855
698
1619
311
370
222
1637
683
1074
706
1712
162
378
1695
12
1118
1800
556
622
220
18
1372
1386
307
1561
379
562
220
778
974
1952
790
931
1920
389
1088
1992
1304
1063
695
34
1290
1308
502
203
620
1697
1012
660
917
415
1558
99
1700
454
582
1096
983
1395
1983
932
119
147
77
983
1545
1296
1362
1862
845
1531
1416
1756
1751
324
1279
296
1850
30
972
1518
152
764
769
85
687
974
962
493
573
1287
1326
87
1017
369
664
827
1493
491
1226
1298
1270
1911
167
1269
953
896
1171
1644
1284
763
1401
421
1701
1384
594
827
1313
547
1732
98
44
1445
231
968
649
104
1609
1640
954
1093
1868
434
1745
1272
440
952
810
559
1163
139
1075
1504
669
1301
1042
1702
134
1885
258
1665
1316
1889
1408
1814
187
1689
1971
311
1858
1731
383
263
1051
1514
1155
1647
1080
1038
481
8
1040
734
569
320
874
279
1939
1574
80
788
402
387
687
1195
342
763
821
14
447
446
1659
1035
754
376
667
792
115
1671
91
557
977
805
479
799
14
1728
1227
1311
776
596
1759
384
1463
1992
148
651
1931
1917
1035
131
1919
540
1148
1196
325
1910
1211
1450
1827
1702
1437
1950
1341
1661
147
395
175
1996
1159
1859
465
1078
921
715
5
9
106
462
1126
799
1897
933
1551
831
1940
1181
257
639
1379
1117
1685
753
1403
29
1713
1592
917
1275
158
472
1932
1412
1437
680
1326
756
1915
459
610
156
1182
1440
356
460
597
1759
338
1569
43
533
1871
142
1021
304
1327
230
1063
136
1325
321
1561
958
1302
1267
1564
647
176
1452
61
1815
230
1959
1531
1691
1518
1557
1464
1375
1004
496
902
50
147
830
1747
158
433
840
1655
1975
203
589
480
1305
1118
1627
1755
323
1910
1403
1445
1439
1101
486
1025
1476
586
1942
987
385
1744
892
1094
1265
837
438
1983
329
1553
793
1706
737
726
237
684
1961
5
147
1759
682
1075
888
64
104
80
1644
1419
1493
61
1832
1026
179
732
339
1933
1193
240
719
506
1923
20
588
1425
1986
1723
1666
1448
1531
949
899
683
1710
87
941
1559
475
1614
60
1243
1511
1435
973
175
1809
767
1953
1122
1587
1746
932
162
676
1929
657
466
443
975
1261
1603
307
137
1645
1275
656
880
1921
157
437
49
318
594
1927
479
223
149
1355
36
171
838
824
1842
1804
457
511
684
887
1470
1900
402
307
963
234
162
849
188
215
1051
106
1956
1672
1463
472
1885
414
393
473
70
1131
898
50
633
543
1900
1169
1148
476
1882
349
56
345
451
522
1152
342
802
1423
1238
1003
433
223
1959
1213
1506
1624
517
1563
1889
100
1182
343
148
848
1161
811
649
15
499
1632
67
1442
1627
682
1262
1281
1211
382
1303
813
715
42
1664
1749
671
1044
1718
1572
1029
134
1151
304
83
345
1514
1446
882
649
503
1224
461
1252
617
1895
235
404
1583
42
718
1017
36
258
1852
683
449
368
1888
1416
358
1877
519
483
912
1201
1540
1649
220
1726
293
558
1119
601
1184
1645
14
906
1874
445
515
1875
1761
851
1425
1075
1213
1965
1995
1388
1564
725
1291
1744
806
76
870
1064
281
28
693
387
880
493
1935
684
1787
1698
181
1759
1796
1661
1477
661
506
990
1209
1988
1780
1952
375
1424
1538
1291
932
464
560
570
1845
1427
998
406
1583
1318
1226
1072
784
1924
1315
375
1052
673
359
128
1043
773
37
1616
1357
1134
1971
692
1099
486
1726
1093
1234
1225
1965
1629
1378
1179
1953
1610
1313
488
1281
1429
229
556
746
488
1810
135
1413
1985
1057
69
372
1313
1391
687
1671
1103
220
1702
203
1903
878
109
1341
763
201
446
1245
235
1626
778
1504
1558
1893
760
1105
1837
1646
1082
1016
1094
70
1833
65
673
1510
189
527
17
1193
1594
829
1715
223
1157
840
857
1605
1243
1282
686
622
1772
591
1970
94
130
1050
63
671
1450
334
19
802
1804
1478
1065
1397
625
1663
641
828
1556
79
1499
965
261
1257
770
514
149
1053
1475
1729
1958
603
637
1105
1960
117
227
1438
230
776
222
1243
448
342
1402
472
857
1627
651
1506
810
1537
1385
1331
195
861
478
552
1032
766
1093
1843
326
1902
1703
1286
1444
1772
791
932
1794
1718
1258
1355
538
1833
1652
151
1433
1717
1555
750
1044
712
1249
57
1867
1991
1398
314
1235
672
1225
1804
1594
575
417
706
1679
1861
1540
577
1760
381
888
88
730
1626
67
786
56
1348
1457
945
1060
1628
1840
1014
86
418
277
181
792
449
266
185
308
1437
886
641
1475
449
324
376
960
106
1833
1091
9
612
605
714
1475
1184
1439
158
757
1605
331
1574
1628
1874
617
920
427
103
1392
1402
915
15
1048
457
147
1003
1717
1804
840
1398
188
568
451
2000
1386
420
875
297
1053
1715
971
265
1223
495
1898
1892
927
4
1205
1073
916
398
1250
1774
1462
230
1739
1279
1925
1549
1264
1502
1548
1336
1865
174
505
288
1845
1174
1466
274
878
511
1272
422
638
864
723
776
1142
1696
587
1986
328
448
1114
38
882
792
701
338
1327
589
526
507
194
217
996
1024
432
1715
934
812
1566
1277
126
1411
1361
1581
907
230
644
1856
1950
1127
685
254
547
899
142
186
1878
1489
1436
521
1749
108
1967
528
650
191
432
1163
1341
698
1786
1339
17
1636
1926
1672
1654
989
1079
1509
1623
258
551
1203
911
1616
422
1654
653
963
317
960
1091
567
1813
1483
1458
333
1799
563
352
1996
745
1557
859
1979
793
247
707
343
923
1593
451
1511
67
1174
375
1151
476
1231
1602
152
436
956
1235
1941
1733
1225
1634
551
1387
1785
17
227
411
1369
53
1620
320
1839
881
1563
213
1163
20
499
1930
531
172
1101
1056
1877
1749
1986
1732
569
1534
422
1310
1472
1327
30
691
987
461
1152
1761
1642
1953
588
363
771
812
4
1279
1417
715
757
1308
511
248
1883
443
316
1241
264
1582
93
1406
1457
252
188
695
1552
571
1166
1998
1639
250
212
17
506
1274
178
66
1993
499
93
1242
624
1956
957
752
250
812
576
828
173
1351
236
1794
1497
441
401
775
669
1413
621
1660
1911
1826
1387
871
390
1393
447
224
1370
131
368
1114
854
687
586
434
572
1533
1889
661
559
1723
1722
1135
1134
1891
1257
1741
488
726
702
1901
1239
1367
558
151
789
14
1090
683
285
659
1372
595
428
375
198
1603
1145
1061
1438
1479
160
1875
1754
1598
1602
1165
1856
396
779
1529
845
1988
909
1309
1753
1034
474
1599
1711
398
1389
1852
1948
208
1147
798
1463
1403
337
365
1409
372
894
139
1065
226
1804
817
178
1504
864
149
3
334
645
1261
1611
1890
54
1896
513
1518
56
1435
260
460
692
1988
1697
1010
770
1293
501
956
1195
1000
1405
869
67
20
1756
185
220
5
776
1189
231
1941
660
1413
1801
2
52
435
1342
42
1506
417
975
133
931
1499
907
999
1425
797
112
1814
1884
1090
685
985
1525
25
1198
1011
611
832
492
82
531
815
1511
1307
770
822
54
728
373
138
675
382
1071
427
88
954
1079
519
1378
1328
556
1572
1128
113
505
575
1615
1832
410
1880
1524
59
1685
1107
448
662
1526
1177
1083
1740
1010
1030
1748
1719
1295
188
1713
926
873
854
875
14
1563
1732
1699
1381
16
426
149
1941
49
875
1178
646
1830
242
1245
721
159
1094
1263
1089
1531
1742
1476
1835
1804
772
787
965
1395
29
1416
935
51
1327
1886
1911
443
125
1490
1809
500
1443
148
201
459
1017
1969
600
953
1858
918
591
594
1452
1212
547
196
836
1265
786
55
1319
1643
488
1825
1146
699
34
1692
409
617
441
179
1815
1707
1604
1505
679
986
1418
536
1289
1296
1360
572
1580
1752
930
740
1514
927
1605
801
1607
191
1813
1795
1826
342
35
331
29
831
13
996
512
1071
1868
501
1212
490
1145
1334
222
1235
1448
318
1480
153
1306
1814
1020
1840
1593
51
1183
1760
1332
944
1898
341
959
1614
1698
339
416
631
297
890
591
525
1634
738
1326
1304
1174
961
810
458
498
460
930
1102
570
135
409
1088
1537
890
520
1111
446
1282
1551
1825
965
135
1347
1701
67
293
1289
1019
1789
1590
867
317
1854
666
992
1551
1852
817
342
544
88
902
731
134
1913
1315
1432
285
618
416
1
503
626
1887
1348
1890
141
1993
532
1724
624
1126
1989
355
100
808
1088
534
257
385
1150
1558
1040
1172
1071
1746
1143
744
212
524
1124
1350
350
1074
1177
997
227
249
168
1930
477
1270
209
820
890
1615
1766
948
1175
149
657
1221
1975
663
1523
1909
1553
683
290
134
1267
1269
622
246
626
917
1762
1765
177
1010
1004
587
1289
518
585
1303
110
1624
1439
1299
348
1930
777
1295
415
391
1980
1643
1582
1818
106
601
598
995
782
131
950
436
1996
1139
1919
1859
302
647
848
313
224
354
537
1259
1520
171
753
588
1416
391
1491
1105
1640
1374
341
206
1074
205
1161
657
1390
262
1999
397
351
568
1885
1008
306
1407
1127
1352
1528
1483
1886
1301
1067
315
125
951
28
1637
557
1719
484
982
569
448
31
888
1084
866
188
1131
429
1528
359
1564
911
904
790
1836
1561
1026
786
1267
1007
758
357
1554
277
1303
719
500
190
1632
1285
355
1744
55
232
293
207
599
1011
731
1193
245
1010
1955
1539
1339
1629
1004
628
1215
688
1075
952
840
1175
540
353
1666
1333
483
408
1116
209
21
311
1706
675
702
469
295
9
412
671
96
75
1334
992
1946
1488
1229
1162
461
1956
531
588
1134
207
1883
1169
1844
996
1060
730
840
890
514
1954
93
1339
410
1996
122
62
1246
1215
723
693
1547
1771
1340
3
907
1922
1982
1680
1250
331
671
1919
338
91
883
1127
1877
1144
146
1327
1200
394
1150
283
1657
915
669
1131
281
387
1261
455
1757
113
107
836
1032
630
163
708
1648
1771
459
1788
1662
1187
804
1816
856
378
1660
1155
662
468
1145
1674
1429
1273
308
1047
41
1490
1763
714
167
1515
1117
1816
1084
174
574
1197
222
546
949
1393
1356
1682
1408
1818
1013
739
1936
650
303
235
1013
357
1118
1941
1479
473
1741
1017
394
824
729
148
1839
1059
649
1538
590
1792
1660
413
957
395
1732
1928
3
1729
249
1879
1302
713
373
393
1757
251
1817
32
151
1724
1730
27
536
768
1717
1854
1633
434
1246
1764
834
1268
1344
393
1826
1251
1503
1096
1402
381
1700
1508
22
558
1748
828
896
604
1385
311
68
1822
953
1597
1713
1321
345
528
1211
1453
1020
1081
744
1000
88
1096
317
716
1323
830
160
1678
1211
696
718
1832
526
1497
197
1564
1636
15
1681
1150
187
177
1210
1961
722
655
214
520
471
1973
828
801
347
1310
579
1645
1606
1145
1161
1136
1829
1863
255
375
163
1712
617
1201
776
1823
948
1634
429
722
455
1908
1229
141
482
1511
606
1658
1156
1673
1646
1183
1636
1871
704
1535
1202
303
655
1200
1511
674
1123
1077
853
360
315
1207
1702
1292
1002
1886
536
1904
1494
1711
1192
1714
782
1982
1632
394
90
672
820
475
2000
2000
2000
2000
1999
1999
1999
1999
1997
1997
1997
1997
1996
1996
1996
1996
1996
1996
1995
1995
1995
1995
1995
1995
1994
1994
1994
1994
1993
1993
1993
1993
1993
1993
1992
1992
1992
1991
1991
1991
1990
1989
1989
1989
1989
1989
1988
1988
1988
1988
1988
1988
1987
1987
1987
1986
1985
1985
1985
1985
1984
1984
1984
1984
1984
1984
1983
1983
1983
1983
1983
1983
1982
1982
1981
1981
1981
1981
1980
1980
1979
1979
1979
1979
1979
1979
1979
1978
1978
1978
1978
1977
1977
1976
1976
1976
1976
1976
1976
1976
1975
1975
1974
1974
1974
1974
1974
1973
1973
1973
1973
1973
1973
1972
1971
1970
1970
1970
1970
1970
1970
1969
1969
1969
1969
1969
1969
1968
1968
1967
1967
1967
1967
1966
1966
1966
1965
1965
1964
1964
1964
1964
1964
1964
1964
1964
1964
1964
1964
1964
1964
1963
1963
1963
1963
1962
1962
1962
1961
1961
1961
1961
1961
1961
1960
1960
1960
1960
1960
1960
1960
1960
1959
1959
1958
1958
1958
1958
1958
1958
1958
1957
1957
1957
1957
1957
1957
1956
1956
1956
1956
1954
1954
1954
1953
1953
1953
1953
1952
1952
1952
1952
1952
1952
1952
1951
1951
1950
1950
1950
1950
1949
1949
1948
1948
1948
1948
1948
1948
1947
1947
1946
1946
1946
1946
1946
1945
1945
1945
1945
1945
1945
1945
1945
1944
1944
1944
1944
1944
1944
1944
1944
1944
1943
1943
1943
1942
1942
1942
1942
1942
1942
1942
1941
1941
1941
1940
1940
1940
1939
1939
1939
1939
1939
1939
1939
1939
1938
1938
1938
1938
1937
1937
1936
1936
1936
1936
1936
1936
1935
1935
1935
1935
1934
1934
1934
1934
1934
1933
1933
1933
1933
1933
1933
1933
1932
1932
1932
1932
1931
1931
1931
1931
1931
1931
1931
1930
1930
1929
1929
1929
1929
1928
1928
1928
1928
1928
1927
1927
1927
1927
1927
1927
1926
1926
1926
1926
1926
1925
1925
1924
1924
1924
1924
1924
1924
1924
1923
1923
1923
1923
1922
1922
1921
1921
1921
1920
1920
1920
1920
1920
1919
1919
1919
1918
1918
1918
1918
1917
1917
1917
1916
1916
1916
1916
1916
1916
1915
1915
1915
1915
1915
1915
1915
1914
1914
1914
1914
1913
1913
1913
1913
1913
1913
1912
1912
1912
1912
1912
1912
1911
1911
1911
1910
1910
1910
1910
1909
1909
1909
1909
1908
1908
1908
1908
1908
1908
1908
1907
1907
1907
1906
1906
1906
1906
1905
1905
1905
1905
1905
1905
1905
1905
1904
1904
1904
1904
1903
1903
1903
1903
1903
1902
1902
1902
1901
1900
1900
1900
1900
1900
1899
1899
1899
1899
1899
1899
1898
1898
1898
1898
1897
1897
1897
1897
1897
1896
1896
1896
1896
1896
1896
1896
1895
1895
1895
1895
1895
1895
1895
1895
1894
1894
1894
1894
1894
1893
1893
1893
1893
1893
1893
1892
1892
1892
1892
1891
1891
1890
1890
1890
1890
1890
1890
1890
1890
1889
1889
1889
1889
1888
1888
1888
1888
1887
1887
1887
1887
1887
1886
1886
1886
1886
1886
1886
1886
1886
1886
1886
1886
1886
1885
1885
1885
1885
1885
1884
1884
1884
1884
1884
1884
1884
1883
1883
1883
1882
1882
1882
1882
1882
1882
1881
1881
1881
1881
1881
1880
1880
1880
1880
1880
1880
1880
1879
1879
1879
1879
1879
1878
1878
1878
1878
1878
1878
1878
1877
1877
1877
1877
1877
1876
1876
1876
1876
1876
1875
1875
1875
1875
1874
1874
1873
1873
1873
1873
1873
1873
1873
1872
1872
1872
1872
1872
1872
1871
1871
1871
1871
1871
1871
1871
1871
1871
1871
1870
1870
1870
1870
1870
1870
1869
1869
1869
1869
1869
1869
1869
1869
1869
1868
1868
1867
1867
1867
1867
1866
1866
1865
1865
1865
1865
1865
1865
1865
1865
1864
1864
1863
1863
1863
1863
1863
1863
1863
1862
1862
1862
1862
1862
1862
1861
1861
1861
1861
1860
1860
1860
1860
1860
1859
1859
1859
1858
1858
1858
1858
1858
1857
1857
1857
1857
1857
1856
1856
1856
1856
1855
1854
1854
1854
1854
1854
1854
1853
1853
1853
1853
1853
1853
1852
1852
1852
1851
1851
1851
1851
1850
1850
1850
1849
1849
1849
1849
1849
1849
1849
1849
1848
1848
1848
1847
1847
1847
1847
1847
1847
1847
1847
1846
1846
1846
1846
1846
1846
1846
1846
1846
1846
1846
1846
1845
1845
1845
1845
1845
1845
1845
1845
1845
1845
1844
1844
1844
1844
1843
1843
1843
1843
1843
1843
1843
1843
1842
1842
1842
1842
1842
1841
1841
1841
1841
1841
1840
1840
1840
1840
1840
1840
1839
1839
1838
1838
1838
1838
1838
1838
1838
1838
1837
1837
1837
1837
1836
1836
1836
1836
1836
1836
1835
1835
1835
1835
1835
1834
1834
1834
1833
1833
1833
1833
1833
1832
1832
1832
1832
1832
1831
1831
1830
1830
1830
1830
1830
1829
1829
1829
1829
1829
1829
1828
1828
1828
1828
1828
1828
1828
1827
1827
1827
1827
1827
1826
1826
1826
1826
1826
1826
1826
1826
1826
1826
1825
1825
1825
1825
1824
1824
1823
1823
1823
1823
1822
1822
1822
1821
1821
1821
1821
1821
1821
1820
1820
1820
1820
1819
1819
1819
1819
1818
1818
1818
1818
1818
1818
1818
1818
1818
1818
1817
1817
1817
1817
1816
1816
1816
1816
1815
1815
1814
1814
1814
1814
1813
1813
1813
1813
1813
1813
1812
1812
1812
1812
1812
1811
1811
1811
1811
1811
1810
1810
1809
1809
1809
1809
1808
1808
1808
1808
1807
1807
1807
1807
1806
1805
1805
1805
1804
1804
1804
1804
1803
1803
1803
1803
1802
1801
1801
1801
1801
1801
1801
1800
1800
1800
1800
1800
1800
1800
1800
1799
1799
1799
1799
1799
1799
1799
1799
1799
1798
1798
1798
1798
1798
1797
1797
1797
1797
1797
1797
1797
1797
1797
1796
1795
1794
1794
1793
1793
1793
1793
1793
1792
1792
1792
1791
1791
1791
1791
1790
1790
1790
1790
1790
1790
1789
1789
1789
1789
1789
1789
1789
1788
1788
1788
1788
1788
1788
1787
1787
1787
1787
1787
1787
1787
1787
1787
1786
1786
1786
1786
1786
1786
1786
1786
1786
1785
1785
1784
1784
1784
1783
1783
1783
1783
1783
1782
1782
1782
1782
1782
1782
1782
1782
1781
1781
1781
1781
1781
1781
1780
1780
1779
1779
1779
1779
1779
1779
1778
1778
1778
1778
1778
1778
1777
1777
1777
1777
1777
1777
1776
1776
1776
1776
1776
1775
1775
1775
1775
1775
1775
1774
1774
1774
1774
1774
1774
1773
1773
1773
1773
1773
1772
1772
1772
1772
1772
1772
1772
1772
1772
1771
1771
1771
1770
1770
1770
1770
1769
1769
1769
1768
1768
1768
1768
1768
1768
1768
1768
1768
1768
1767
1767
1767
1767
1767
1767
1767
1766
1766
1765
1765
1765
1765
1765
1765
1764
1764
1764
1764
1764
1763
1763
1763
1763
1763
1762
1762
1762
1761
1761
1761
1761
1761
1761
1761
1761
1761
1761
1761
1760
1760
1760
1760
1759
1759
1759
1759
1759
1759
1759
1758
1758
1758
1758
1758
1757
1757
1757
1757
1757
1757
1757
1757
1756
1756
1756
1756
1756
1755
1755
1755
1755
1754
1754
1754
1754
1754
1754
1754
1754
1754
1754
1754
1753
1753
1753
1753
1753
1752
1752
1752
1752
1752
1752
1752
1752
1751
1751
1751
1751
1750
1750
1750
1750
1750
1750
1749
1748
1748
1748
1748
1748
1748
1747
1747
1747
1747
1747
1747
1746
1746
1746
1745
1745
1745
1745
1744
1744
1744
1744
1744
1744
1744
1743
1743
1743
1743
1742
1742
1741
1741
1741
1741
1741
1741
1741
1740
1740
1740
1740
1740
1739
1739
1739
1739
1739
1739
1739
1738
1738
1738
1738
1737
1737
1737
1737
1737
1737
1737
1737
1736
1736
1736
1736
1736
1735
1735
1735
1735
1735
1735
1735
1734
1734
1734
1734
1734
1734
1734
1734
1734
1733
1733
1733
1733
1733
1732
1732
1732
1732
1731
1731
1731
1731
1731
1731
1731
1730
1730
1730
1730
1730
1730
1730
1730
1729
1729
1729
1729
1728
1728
1728
1728
1727
1727
1727
1727
1727
1727
1727
1727
1726
1726
1726
1726
1726
1726
1725
1725
1725
1725
1724
1724
1723
1722
1722
1721
1721
1721
1721
1721
1721
1721
1721
1721
1720
1720
1720
1720
1720
1719
1719
1719
1719
1719
1719
1719
1719
1719
1718
1718
1718
1718
1718
1718
1718
1717
1717
1717
1717
1716
1716
1716
1715
1715
1715
1715
1715
1715
1715
1714
1714
1714
1713
1713
1713
1713
1713
1713
1713
1713
1713
1713
1713
1712
1712
1712
1712
1712
1712
1712
1712
1712
1711
1711
1710
1710
1710
1710
1710
1710
1710
1709
1709
1709
1709
1709
1708
1708
1708
1708
1707
1707
1707
1707
1706
1706
1705
1705
1705
1705
1705
1704
1704
1704
1704
1704
1704
1704
1703
1702
1702
1702
1702
1702
1702
1701
1701
1701
1701
1701
1701
1701
1701
1701
1701
1701
1700
1700
1700
1700
1700
1700
1700
1699
1699
1699
1699
1699
1698
1698
1698
1698
1698
1697
1697
1697
1697
1697
1696
1696
1696
1696
1696
1695
1695
1695
1695
1694
1694
1694
1694
1694
1694
1694
1694
1694
1694
1694
1693
1693
1693
1693
1693
1693
1692
1692
1692
1692
1692
1692
1692
1692
1691
1691
1691
1691
1690
1690
1689
1689
1689
1689
1688
1688
1688
1688
1688
1687
1687
1687
1686
1686
1686
1686
1686
1686
1685
1685
1685
1685
1684
1684
1684
1684
1684
1683
1683
1683
1683
1682
1682
1682
1681
1681
1681
1681
1681
1680
1679
1679
1679
1678
1678
1678
1678
1677
1677
1676
1676
1676
1676
1676
1676
1676
1676
1676
1676
1675
1675
1675
1675
1674
1674
1674
1674
1674
1674
1674
1673
1673
1673
1673
1673
1673
1673
1673
1673
1673
1673
1672
1672
1672
1672
1672
1671
1671
1671
1670
1670
1670
1670
1670
1670
1669
1669
1669
1669
1669
1669
1668
1668
1668
1667
1667
1667
1667
1667
1667
1667
1667
1667
1666
1665
1665
1664
1664
1664
1664
1664
1664
1663
1663
1663
1663
1662
1662
1661
1661
1661
1661
1661
1660
1660
1660
1660
1660
1660
1660
1660
1660
1660
1660
1659
1659
1659
1659
1659
1659
1659
1659
1658
1658
1657
1657
1656
1656
1656
1656
1656
1656
1656
1655
1655
1655
1655
1655
1655
1655
1655
1654
1654
1654
1654
1654
1654
1653
1652
1652
1652
1651
1651
1651
1651
1651
1651
1651
1650
1650
1650
1650
1650
1650
1650
1649
1649
1649
1649
1649
1649
1649
1649
1649
1648
1648
1648
1648
1648
1648
1647
1647
1647
1647
1647
1647
1646
1646
1646
1646
1646
1646
1646
1646
1646
1646
1645
1645
1645
1645
1645
1645
1644
1644
1644
1644
1643
1643
1643
1643
1643
1642
1642
1642
1642
1642
1641
1641
1641
1640
1640
1640
1640
1640
1640
1639
1639
1639
1638
1638
1638
1638
1637
1637
1637
1636
1636
1636
1636
1635
1635
1635
1635
1635
1635
1635
1635
1634
1634
1634
1633
1633
1633
1633
1632
1631
1631
1631
1631
1630
1630
1630
1630
1630
1630
1630
1630
1630
1629
1629
1629
1628
1628
1628
1628
1628
1628
1628
1628
1628
1628
1628
1628
1628
1627
1627
1627
1627
1626
1626
1626
1625
1625
1625
1625
1625
1625
1624
1624
1624
1624
1624
1624
1624
1623
1623
1623
1622
1622
1622
1622
1622
1622
1622
1622
1621
1621
1620
1620
1620
1620
1620
1619
1619
1619
1618
1618
1618
1618
1617
1617
1617
1617
1616
1616
1616
1615
1615
1615
1615
1615
1614
1614
1614
1613
1613
1613
1613
1613
1613
1613
1612
1612
1612
1612
1612
1611
1611
1611
1611
1611
1611
1611
1610
1610
1610
1610
1610
1609
1609
1609
1609
1609
1609
1608
1608
1608
1608
1608
1608
1608
1607
1607
1607
1607
1606
1606
1606
1606
1605
1605
1605
1605
1605
1604
1604
1604
1603
1603
1603
1603
1603
1603
1603
1603
1603
1602
1602
1602
1602
1602
1601
1601
1601
1601
1600
1600
1599
1599
1599
1599
1599
1598
1598
1598
1598
1597
1597
1597
1597
1597
1597
1596
1596
1596
1596
1596
1596
1596
1595
1595
1595
1595
1595
1594
1594
1594
1594
1593
1593
1593
1592
1592
1592
1592
1592
1592
1591
1591
1591
1591
1591
1590
1590
1590
1590
1589
1589
1589
1589
1589
1589
1588
1588
1588
1588
1588
1588
1588
1588
1588
1587
1587
1587
1587
1587
1586
1586
1586
1586
1586
1586
1586
1585
1585
1585
1585
1584
1584
1584
1584
1584
1584
1584
1584
1584
1584
1584
1584
1584
1583
1583
1583
1583
1583
1583
1583
1582
1582
1582
1582
1582
1582
1582
1582
1582
1581
1581
1581
1581
1581
1581
1581
1580
1580
1580
1580
1579
1579
1579
1579
1579
1579
1579
1579
1578
1578
1578
1578
1578
1577
1577
1577
1577
1576
1576
1576
1576
1576
1576
1576
1575
1575
1575
1575
1575
1575
1575
1574
1574
1574
1574
1573
1573
1573
1573
1573
1573
1572
1572
1571
1571
1571
1571
1571
1571
1570
1570
1570
1570
1570
1570
1570
1569
1569
1569
1569
1569
1569
1569
1568
1568
1568
1568
1567
1567
1567
1567
1567
1566
1566
1566
1566
1565
1565
1565
1565
1565
1564
1564
1564
1564
1564
1564
1564
1563
1563
1562
1562
1562
1562
1562
1562
1561
1561
1561
1561
1561
1560
1560
1559
1559
1559
1559
1559
1559
1559
1559
1558
1558
1558
1558
1558
1558
1557
1557
1557
1557
1557
1557
1556
1556
1556
1556
1556
1556
1556
1555
1555
1554
1554
1554
1554
1554
1554
1554
1554
1553
1553
1552
1552
1552
1552
1552
1551
1551
1551
1550
1550
1550
1550
1550
1549
1549
1549
1548
1548
1548
1548
1547
1547
1547
1546
1546
1545
1545
1544
1544
1544
1544
1543
1543
1543
1543
1542
1542
1542
1542
1542
1542
1542
1542
1541
1541
1541
1541
1541
1541
1541
1540
1540
1540
1539
1539
1539
1539
1539
1539
1539
1538
1538
1538
1538
1538
1537
1537
1537
1537
1537
1537
1537
1536
1536
1536
1536
1535
1535
1535
1534
1534
1534
1534
1534
1534
1534
1534
1534
1534
1533
1533
1533
1532
1532
1532
1532
1532
1532
1532
1532
1532
1532
1532
1531
1531
1531
1531
1531
1530
1530
1530
1530
1530
1530
1530
1530
1529
1529
1529
1529
1529
1529
1529
1528
1528
1528
1528
1528
1527
1527
1526
1526
1526
1525
1525
1525
1525
1525
1524
1524
1524
1524
1524
1524
1524
1523
1523
1523
1523
1523
1523
1522
1522
1522
1522
1522
1521
1521
1521
1521
1521
1520
1520
1520
1520
1520
1520
1520
1519
1519
1519
1519
1519
1519
1519
1518
1518
1518
1518
1517
1517
1517
1516
1516
1516
1516
1515
1515
1515
1515
1515
1515
1515
1515
1515
1515
1514
1514
1513
1512
1512
1512
1512
1512
1512
1511
1511
1510
1510
1510
1510
1510
1509
1509
1509
1509
1509
1509
1508
1508
1508
1508
1507
1507
1507
1507
1507
1507
1507
1506
1506
1506
1505
1505
1504
1504
1504
1504
1504
1504
1504
1503
1503
1503
1503
1503
1503
1502
1502
1502
1502
1502
1501
1501
1501
1501
1501
1501
1501
1501
1500
1500
1500
1500
1500
1500
1500
1499
1499
1499
1499
1499
1498
1498
1498
1498
1497
1497
1497
1497
1496
1496
1496
1496
1496
1496
1495
1495
1495
1495
1495
1494
1494
1494
1494
1494
1494
1494
1493
1493
1493
1493
1493
1493
1493
1492
1492
1492
1492
1492
1492
1491
1491
1491
1491
1491
1491
1491
1490
1490
1490
1489
1489
1489
1489
1488
1488
1488
1488
1488
1488
1487
1487
1487
1487
1487
1487
1487
1487
1487
1486
1486
1486
1486
1486
1486
1485
1485
1485
1485
1485
1485
1485
1484
1484
1484
1484
1484
1484
1484
1484
1484
1484
1483
1483
1483
1483
1482
1482
1482
1482
1481
1481
1480
1480
1480
1480
1480
1480
1479
1479
1479
1479
1479
1479
1478
1478
1478
1478
1478
1478
1478
1478
1478
1477
1477
1477
1476
1476
1476
1476
1476
1475
1475
1475
1475
1475
1474
1474
1474
1474
1474
1473
1473
1473
1472
1472
1472
1472
1471
1471
1471
1471
1471
1471
1471
1470
1470
1470
1470
1470
1470
1470
1469
1469
1469
1469
1469
1468
1468
1468
1468
1467
1467
1467
1467
1467
1466
1466
1466
1466
1466
1465
1465
1465
1465
1465
1465
1465
1465
1464
1464
1464
1464
1463
1463
1463
1463
1463
1463
1462
1462
1462
1462
1462
1462
1462
1462
1461
1461
1460
1460
1460
1460
1460
1460
1460
1459
1459
1459
1458
1458
1458
1458
1457
1457
1456
1456
1455
1455
1455
1455
1455
1455
1455
1455
1455
1454
1454
1454
1454
1454
1454
1453
1453
1453
1453
1453
1452
1452
1452
1452
1452
1451
1451
1451
1451
1451
1451
1451
1451
1451
1450
1450
1450
1449
1449
1449
1449
1449
1448
1448
1448
1448
1448
1448
1447
1447
1447
1447
1447
1447
1446
1446
1446
1446
1445
1445
1445
1445
1445
1444
1444
1444
1444
1444
1443
1443
1443
1443
1443
1443
1442
1442
1442
1442
1442
1442
1442
1441
1441
1441
1441
1441
1440
1440
1440
1440
1440
1440
1440
1439
1439
1439
1439
1438
1438
1438
1438
1438
1437
1437
1437
1437
1436
1436
1436
1435
1435
1435
1434
1434
1434
1433
1433
1433
1433
1433
1432
1432
1432
1432
1432
1431
1431
1431
1431
1431
1431
1431
1430
1430
1430
1430
1430
1430
1429
1429
1429
1429
1429
1429
1429
1429
1429
1429
1428
1428
1428
1428
1428
1428
1428
1427
1427
1427
1427
1427
1427
1427
1426
1425
1425
1425
1424
1424
1424
1424
1424
1424
1423
1423
1423
1422
1422
1422
1421
1421
1421
1420
1420
1420
1420
1420
1420
1419
1419
1419
1419
1418
1418
1418
1418
1418
1418
1418
1418
1418
1417
1417
1416
1416
1416
1416
1416
1416
1415
1415
1415
1415
1415
1415
1415
1415
1414
1413
1413
1412
1412
1412
1412
1412
1411
1410
1410
1410
1410
1410
1410
1410
1409
1409
1409
1409
1409
1408
1408
1408
1407
1407
1407
1407
1407
1407
1407
1407
1406
1406
1406
1406
1406
1406
1406
1405
1405
1405
1405
1405
1404
1404
1404
1403
1403
1403
1403
1403
1403
1402
1402
1401
1401
1401
1401
1401
1401
1401
1400
1400
1400
1400
1399
1399
1399
1399
1398
1398
1398
1398
1398
1397
1397
1397
1397
1396
1396
1396
1396
1396
1396
1395
1395
1395
1395
1394
1394
1394
1394
1393
1393
1393
1393
1393
1393
1393
1392
1392
1392
1392
1392
1391
1390
1390
1390
1389
1389
1389
1389
1389
1389
1389
1389
1389
1389
1388
1388
1388
1388
1388
1388
1387
1387
1387
1387
1387
1386
1386
1386
1386
1385
1385
1385
1385
1385
1385
1384
1384
1384
1384
1383
1383
1383
1383
1383
1383
1383
1383
1383
1382
1382
1382
1382
1382
1382
1382
1382
1381
1381
1381
1381
1381
1381
1380
1380
1380
1380
1380
1380
1380
1379
1379
1379
1379
1379
1378
1378
1378
1378
1378
1378
1377
1377
1377
1377
1377
1376
1375
1375
1375
1375
1375
1375
1374
1374
1374
1374
1374
1374
1374
1373
1373
1373
1373
1373
1373
1373
1373
1371
1371
1371
1371
1370
1370
1370
1370
1370
1370
1369
1369
1369
1369
1368
1368
1368
1368
1368
1368
1368
1368
1368
1368
1368
1367
1367
1366
1365
1365
1365
1365
1365
1364
1364
1364
1364
1364
1363
1363
1363
1363
1362
1362
1362
1362
1362
1361
1361
1361
1361
1361
1361
1361
1360
1360
1360
1360
1360
1359
1359
1359
1359
1358
1358
1358
1358
1358
1357
1356
1355
1355
1355
1355
1354
1354
1354
1354
1354
1353
1353
1353
1353
1353
1353
1352
1352
1352
1351
1351
1351
1351
1351
1350
1350
1350
1350
1350
1349
1349
1349
1349
1349
1349
1349
1348
1348
1348
1348
1347
1347
1347
1347
1347
1346
1346
1346
1346
1346
1346
1346
1345
1345
1345
1345
1344
1344
1344
1343
1343
1343
1342
1342
1341
1341
1340
1340
1340
1339
1339
1339
1339
1339
1339
1339
1338
1338
1337
1337
1337
1337
1337
1337
1337
1336
1336
1336
1336
1336
1336
1336
1335
1335
1335
1335
1335
1335
1335
1334
1334
1334
1334
1333
1333
1333
1333
1333
1332
1332
1332
1332
1332
1332
1332
1332
1332
1331
1331
1331
1331
1331
1331
1331
1331
1330
1329
1329
1329
1329
1329
1329
1329
1329
1328
1328
1328
1328
1328
1328
1328
1328
1328
1328
1327
1327
1327
1327
1327
1327
1326
1326
1326
1326
1326
1325
1325
1325
1324
1324
1324
1324
1323
1323
1322
1322
1322
1322
1322
1321
1321
1321
1321
1320
1320
1320
1319
1319
1318
1318
1318
1318
1318
1317
1317
1317
1317
1317
1317
1316
1316
1316
1316
1316
1316
1316
1316
1316
1316
1316
1316
1316
1316
1315
1315
1315
1315
1315
1314
1314
1314
1314
1314
1313
1313
1313
1313
1312
1311
1311
1311
1310
1310
1309
1309
1309
1308
1308
1308
1308
1308
1308
1307
1307
1307
1306
1306
1306
1306
1306
1306
1306
1306
1306
1306
1305
1305
1305
1305
1305
1305
1305
1305
1304
1304
1304
1303
1303
1303
1303
1303
1303
1303
1302
1302
1301
1301
1301
1301
1301
1300
1300
1300
1300
1300
1299
1299
1299
1299
1299
1299
1299
1298
1298
1298
1298
1298
1298
1298
1298
1297
1297
1296
1296
1296
1296
1296
1296
1296
1296
1295
1295
1295
1295
1294
1294
1294
1294
1294
1294
1294
1293
1293
1293
1293
1292
1292
1292
1292
1292
1292
1291
1291
1291
1291
1291
1290
1290
1289
1289
1289
1288
1288
1288
1288
1288
1288
1287
1287
1287
1287
1287
1287
1287
1286
1286
1286
1286
1286
1286
1285
1285
1284
1284
1284
1284
1284
1284
1284
1284
1284
1284
1283
1283
1283
1282
1282
1282
1282
1282
1282
1282
1281
1281
1281
1281
1281
1281
1280
1280
1280
1280
1279
1279
1279
1278
1278
1278
1278
1278
1278
1278
1278
1277
1277
1277
1277
1277
1277
1277
1277
1276
1276
1276
1276
1276
1276
1275
1275
1275
1275
1274
1274
1273
1273
1273
1273
1273
1272
1272
1272
1272
1272
1272
1271
1271
1271
1271
1271
1271
1270
1270
1270
1269
1269
1269
1269
1269
1268
1268
1268
1268
1268
1267
1267
1267
1267
1266
1266
1266
1266
1266
1265
1265
1265
1265
1264
1264
1264
1264
1264
1264
1263
1263
1263
1262
1261
1261
1261
1261
1260
1260
1260
1260
1260
1259
1259
1259
1259
1259
1259
1258
1258
1258
1258
1258
1258
1258
1257
1257
1257
1257
1257
1257
1257
1257
1257
1257
1257
1257
1257
1256
1256
1256
1256
1255
1255
1255
1255
1255
1255
1255
1254
1254
1254
1254
1253
1253
1253
1252
1252
1252
1251
1251
1251
1251
1251
1251
1251
1250
1250
1249
1249
1249
1249
1248
1248
1248
1248
1248
1248
1248
1248
1248
1248
1247
1247
1247
1247
1247
1246
1246
1246
1246
1246
1245
1245
1245
1245
1245
1245
1245
1245
1244
1244
1244
1244
1244
1244
1244
1244
1244
1243
1243
1243
1243
1243
1242
1242
1241
1241
1241
1241
1241
1240
1240
1240
1240
1240
1240
1239
1239
1239
1239
1237
1237
1237
1237
1237
1236
1236
1236
1236
1236
1236
1236
1236
1236
1235
1235
1235
1235
1235
1234
1234
1234
1233
1233
1233
1233
1233
1233
1233
1232
1232
1232
1232
1232
1232
1231
1231
1231
1231
1231
1231
1230
1230
1230
1229
1229
1229
1229
1229
1229
1228
1228
1228
1228
1228
1227
1227
1227
1227
1227
1226
1226
1226
1226
1226
1226
1225
1225
1225
1224
1224
1224
1223
1223
1223
1223
1222
1222
1222
1222
1222
1222
1221
1221
1221
1220
1220
1220
1220
1220
1219
1219
1219
1219
1218
1217
1217
1217
1217
1217
1216
1216
1216
1216
1216
1216
1216
1215
1215
1215
1215
1215
1214
1214
1214
1214
1213
1213
1213
1213
1212
1212
1212
1211
1211
1211
1211
1211
1211
1210
1210
1210
1210
1210
1210
1209
1209
1209
1209
1209
1209
1208
1208
1208
1208
1207
1207
1207
1207
1207
1206
1206
1206
1206
1206
1206
1205
1205
1205
1205
1205
1205
1205
1204
1204
1204
1204
1204
1203
1203
1203
1203
1203
1202
1202
1202
1202
1202
1202
1202
1201
1201
1201
1201
1201
1201
1201
1201
1200
1200
1200
1200
1200
1200
1199
1199
1199
1199
1199
1198
1198
1198
1198
1198
1198
1198
1198
1197
1197
1197
1196
1196
1196
1196
1196
1196
1195
1195
1195
1195
1195
1195
1195
1195
1195
1194
1194
1194
1193
1193
1193
1193
1192
1192
1192
1192
1191
1191
1191
1190
1190
1190
1189
1189
1189
1189
1189
1189
1189
1189
1189
1188
1188
1188
1188
1188
1188
1188
1188
1187
1187
1187
1186
1186
1186
1186
1186
1186
1186
1186
1186
1186
1186
1185
1185
1185
1185
1185
1185
1185
1184
1184
1183
1183
1183
1182
1182
1182
1182
1182
1181
1181
1181
1181
1181
1181
1181
1181
1181
1180
1180
1180
1180
1179
1179
1179
1178
1178
1178
1178
1178
1177
1177
1177
1177
1176
1176
1176
1176
1176
1176
1175
1174
1174
1174
1173
1173
1173
1173
1173
1173
1173
1172
1172
1172
1172
1172
1172
1171
1171
1171
1171
1171
1171
1170
1170
1170
1170
1170
1169
1169
1169
1169
1169
1168
1168
1168
1168
1167
1167
1167
1167
1167
1167
1167
1166
1166
1166
1166
1166
1166
1165
1165
1164
1164
1164
1164
1163
1163
1163
1163
1163
1162
1162
1162
1162
1162
1162
1162
1162
1161
1161
1161
1161
1160
1160
1160
1160
1160
1159
1159
1159
1159
1159
1159
1159
1159
1158
1158
1158
1158
1158
1158
1158
1158
1157
1157
1157
1156
1156
1156
1155
1154
1154
1154
1154
1154
1154
1153
1153
1153
1153
1153
1152
1152
1152
1151
1150
1150
1150
1150
1150
1150
1150
1149
1149
1149
1149
1149
1149
1148
1148
1148
1148
1148
1147
1147
1147
1147
1147
1146
1146
1146
1146
1145
1145
1145
1145
1144
1144
1144
1143
1143
1142
1142
1142
1142
1141
1140
1140
1140
1140
1140
1140
1139
1139
1139
1138
1138
1138
1138
1138
1138
1138
1138
1137
1137
1137
1137
1137
1137
1136
1136
1136
1136
1135
1135
1134
1134
1134
1134
1133
1133
1133
1133
1133
1133
1132
1132
1132
1131
1131
1131
1131
1130
1130
1130
1130
1130
1129
1129
1128
1128
1128
1128
1128
1128
1127
1127
1127
1127
1126
1126
1126
1125
1125
1125
1125
1125
1125
1125
1124
1124
1124
1124
1124
1124
1124
1123
1123
1123
1123
1122
1122
1122
1122
1122
1122
1122
1122
1122
1122
1122
1121
1121
1120
1120
1120
1120
1119
1119
1119
1118
1118
1118
1118
1118
1118
1118
1117
1117
1117
1117
1117
1117
1117
1116
1116
1116
1116
1115
1115
1115
1115
1115
1115
1114
1114
1114
1114
1114
1114
1113
1113
1113
1113
1113
1113
1112
1112
1112
1112
1112
1112
1112
1112
1112
1111
1111
1110
1110
1110
1110
1110
1110
1110
1110
1110
1109
1109
1109
1109
1108
1108
1108
1108
1108
1108
1108
1108
1107
1107
1107
1106
1105
1105
1105
1104
1104
1104
1104
1104
1103
1103
1103
1103
1102
1102
1102
1102
1102
1101
1101
1101
1101
1100
1100
1100
1099
1099
1099
1099
1098
1098
1098
1098
1098
1097
1097
1097
1097
1096
1096
1096
1096
1096
1096
1096
1095
1095
1094
1093
1093
1093
1093
1093
1093
1093
1092
1092
1092
1091
1091
1091
1091
1091
1091
1091
1090
1090
1090
1090
1089
1089
1089
1089
1089
1088
1088
1088
1088
1088
1088
1087
1087
1087
1086
1086
1086
1086
1086
1086
1086
1086
1085
1085
1085
1085
1085
1085
1085
1084
1084
1084
1084
1083
1083
1083
1083
1083
1083
1082
1082
1082
1082
1082
1082
1082
1082
1082
1082
1082
1081
1081
1081
1081
1081
1080
1080
1080
1079
1078
1078
1078
1078
1078
1077
1077
1077
1076
1076
1076
1076
1076
1076
1076
1075
1075
1075
1075
1075
1075
1075
1074
1074
1074
1073
1073
1073
1073
1072
1072
1071
1071
1070
1070
1070
1070
1070
1070
1069
1069
1069
1069
1069
1068
1068
1068
1068
1068
1068
1068
1067
1067
1067
1066
1066
1066
1065
1065
1065
1065
1065
1064
1064
1064
1063
1063
1063
1062
1062
1062
1062
1062
1062
1061
1061
1061
1061
1061
1061
1061
1060
1059
1059
1059
1059
1059
1059
1059
1059
1058
1058
1058
1058
1058
1058
1057
1057
1057
1057
1057
1056
1056
1056
1056
1056
1056
1055
1055
1054
1054
1053
1053
1053
1053
1052
1052
1051
1051
1051
1051
1051
1051
1050
1050
1050
1050
1050
1049
1049
1049
1048
1048
1048
1048
1048
1048
1048
1047
1047
1047
1046
1046
1046
1045
1045
1045
1045
1045
1045
1044
1044
1044
1044
1044
1044
1043
1043
1043
1043
1043
1043
1043
1043
1042
1042
1042
1041
1041
1041
1041
1041
1040
1040
1040
1039
1039
1039
1039
1039
1038
1038
1038
1038
1038
1037
1037
1037
1037
1037
1036
1036
1036
1036
1036
1036
1036
1035
1035
1035
1035
1035
1034
1034
1034
1034
1034
1034
1034
1034
1033
1033
1033
1033
1033
1032
1032
1032
1032
1032
1031
1031
1031
1031
1031
1030
1030
1030
1029
1029
1029
1029
1029
1029
1029
1029
1028
1028
1028
1028
1028
1028
1028
1027
1027
1027
1027
1027
1027
1027
1027
1027
1026
1025
1025
1025
1025
1025
1025
1025
1025
1025
1025
1025
1024
1024
1023
1023
1023
1023
1023
1023
1022
1022
1022
1022
1022
1022
1022
1021
1021
1020
1020
1020
1020
1020
1020
1020
1020
1019
1019
1019
1019
1019
1019
1019
1019
1019
1019
1019
1019
1018
1018
1017
1017
1017
1016
1016
1016
1016
1016
1016
1016
1015
1015
1015
1015
1015
1014
1014
1014
1014
1014
1014
1014
1013
1013
1013
1013
1013
1012
1012
1011
1011
1011
1011
1011
1011
1011
1010
1010
1010
1009
1009
1009
1009
1008
1007
1007
1007
1007
1007
1007
1007
1007
1006
1006
1006
1006
1006
1005
1005
1005
1005
1005
1004
1004
1004
1004
1003
1003
1003
1003
1003
1003
1003
1003
1003
1003
1002
1002
1002
1002
1001
1001
1001
1001
1001
1000
1000
1000
1000
1000
999
999
999
999
998
998
998
998
998
998
998
998
997
997
997
997
997
997
996
996
996
996
996
996
996
996
995
995
995
995
994
994
994
994
994
994
993
993
993
992
992
992
992
991
990
990
990
990
989
989
989
989
989
989
988
988
988
988
988
987
987
987
987
986
986
986
986
986
986
986
985
985
985
985
984
984
984
983
983
983
982
982
982
982
982
982
982
982
982
982
981
981
980
980
980
980
980
980
979
978
978
978
978
977
977
977
977
977
977
977
977
977
977
976
976
976
976
976
976
976
975
975
975
975
974
974
974
974
974
973
973
973
973
972
972
971
971
971
971
971
971
970
970
970
970
970
970
970
970
970
969
969
969
969
968
968
968
968
967
966
966
966
965
965
965
965
965
964
964
964
964
964
964
964
964
963
963
963
963
962
962
961
961
961
960
959
959
959
959
958
958
958
958
958
957
957
957
957
956
956
955
955
955
955
954
954
954
954
954
954
954
953
953
953
953
953
953
953
952
952
952
952
952
951
951
951
951
950
950
950
950
949
949
949
949
949
948
948
948
948
948
948
948
948
947
947
947
947
947
946
946
946
945
945
945
944
944
943
942
942
942
942
941
941
941
940
940
940
940
940
940
939
939
939
939
938
938
938
938
938
938
938
938
937
937
937
937
937
937
937
936
936
936
935
935
935
935
934
934
934
934
933
933
933
932
932
932
931
931
931
931
930
930
930
930
930
930
929
929
929
929
929
929
928
928
928
927
927
927
926
926
926
926
926
926
925
925
925
924
924
924
924
924
924
924
924
923
923
923
923
923
923
923
923
922
922
922
922
921
921
921
921
921
920
920
920
920
920
920
920
919
919
918
918
918
918
917
917
917
917
917
916
916
915
915
915
914
913
913
913
913
913
913
913
913
912
912
912
912
912
912
912
912
912
912
911
911
911
911
911
911
911
911
911
911
911
910
910
910
910
910
910
910
909
909
909
909
908
908
908
908
907
907
907
907
907
906
906
906
906
906
906
905
905
905
905
905
904
904
904
903
903
903
903
903
903
903
903
902
902
902
902
902
902
902
902
901
901
901
901
901
900
900
900
900
900
899
899
899
899
899
899
899
899
899
899
898
898
898
898
898
898
897
897
896
896
896
895
895
895
895
894
894
893
893
893
893
893
892
892
892
892
892
892
892
891
891
891
890
890
890
890
890
890
889
889
889
889
888
888
888
888
888
887
887
887
887
887
887
887
886
886
886
886
886
886
885
885
884
884
884
884
884
884
884
883
883
883
883
883
883
882
882
882
881
881
881
880
880
880
880
880
880
879
879
879
879
879
878
878
878
878
877
877
876
876
876
876
876
876
876
876
875
875
875
875
874
874
874
874
874
873
873
873
872
872
871
871
871
871
871
871
871
870
870
870
870
870
870
870
869
869
869
869
869
868
868
868
867
867
867
867
867
867
867
866
866
866
866
866
866
866
866
865
865
865
864
864
863
863
863
863
863
863
863
863
863
862
862
862
861
861
861
861
861
861
861
861
861
860
860
860
860
860
860
859
859
859
859
859
859
859
858
858
858
858
858
858
857
857
857
856
855
854
854
854
854
853
853
853
853
852
852
852
852
851
851
851
851
851
851
851
850
850
849
849
849
848
848
848
848
847
847
847
847
847
846
846
846
846
846
846
846
846
846
845
845
845
845
845
845
845
843
843
843
843
843
842
842
842
842
842
842
841
841
841
840
840
840
840
840
840
840
840
840
839
839
839
839
839
839
839
839
838
838
838
838
838
838
837
836
836
836
836
836
835
835
835
835
834
834
834
834
834
834
834
834
834
833
833
833
833
833
832
832
832
832
832
832
831
831
831
831
831
830
830
830
830
830
830
830
830
829
829
829
829
828
828
828
828
828
828
828
827
827
827
826
826
826
825
825
825
825
825
824
824
824
824
824
824
824
824
823
823
823
823
823
823
822
822
821
821
820
820
820
820
820
820
820
820
819
819
819
819
819
819
818
817
817
817
817
816
816
816
816
815
815
814
814
814
814
813
813
813
812
812
812
812
812
811
811
811
811
810
810
810
810
809
809
809
808
808
808
808
807
807
807
807
807
806
806
806
806
805
805
805
805
805
805
804
804
804
804
804
804
803
803
803
803
803
803
802
802
802
802
801
801
801
801
801
800
800
799
799
799
798
798
798
797
797
796
796
796
796
796
796
796
796
795
795
795
795
795
795
794
794
794
793
793
793
792
792
792
792
792
792
792
791
791
791
791
791
790
790
790
789
789
789
789
789
788
788
787
787
787
787
787
787
787
787
786
786
786
786
786
785
785
784
784
783
783
783
783
783
783
782
782
782
782
781
781
781
780
780
780
780
780
779
779
779
778
778
778
778
778
777
777
777
777
777
777
776
776
776
776
776
776
776
776
774
774
774
774
774
774
774
774
774
774
774
774
773
773
773
773
773
772
772
772
772
772
771
771
771
771
771
771
770
770
770
770
770
769
769
768
768
768
768
768
768
767
767
767
766
766
766
766
766
765
765
765
765
765
765
764
764
764
764
764
763
763
763
763
763
763
762
762
762
762
762
762
762
761
761
760
760
760
760
759
759
759
759
759
758
758
757
757
757
756
756
756
756
755
755
754
754
754
754
754
754
753
753
753
753
753
752
752
751
751
751
750
750
750
749
749
749
749
749
748
748
748
747
747
747
746
746
746
746
746
745
745
745
745
745
745
745
745
745
744
744
744
744
744
744
743
743
743
743
742
742
741
741
741
740
740
740
740
739
739
739
739
739
739
739
739
739
738
738
738
738
737
737
737
737
737
737
736
736
736
736
735
735
735
735
735
735
734
734
734
734
734
734
733
733
732
732
732
732
732
732
732
731
731
731
730
730
730
730
729
728
728
728
727
727
727
727
727
727
727
726
726
726
726
726
725
725
725
725
725
725
724
724
723
723
723
723
723
723
723
722
722
722
721
721
720
720
720
720
720
720
720
719
719
719
719
719
719
719
719
718
718
718
718
718
718
718
717
717
716
716
716
716
716
716
715
715
715
715
715
715
714
714
713
713
713
713
713
713
712
712
712
711
711
711
711
711
710
710
710
710
710
710
709
709
709
709
709
709
707
707
707
707
707
707
707
706
706
706
706
706
706
706
705
705
705
705
705
705
705
705
705
705
704
704
704
704
704
703
703
703
703
702
702
702
702
702
702
702
702
702
701
700
700
700
700
700
700
699
699
699
699
699
699
698
698
698
698
698
697
697
697
696
696
696
696
696
696
695
695
694
694
694
694
693
693
693
692
692
692
692
692
692
691
691
691
691
691
691
690
690
690
690
689
689
689
689
689
688
688
687
687
687
687
687
686
685
685
685
684
684
684
683
683
683
683
682
682
682
682
682
682
681
681
681
681
680
680
680
680
680
679
679
679
679
678
678
678
677
676
676
676
676
676
676
675
675
674
674
674
673
673
673
673
673
672
672
672
672
671
671
671
670
670
670
670
669
669
669
668
668
668
668
667
666
666
666
666
666
666
666
666
665
665
664
664
664
664
664
664
663
663
663
663
663
663
662
662
662
662
662
662
661
661
661
661
661
661
661
661
661
661
661
661
661
661
660
660
660
660
660
659
659
659
659
659
659
659
658
658
658
658
658
657
657
657
657
657
657
657
657
657
657
656
656
656
656
655
655
654
654
653
653
653
653
653
652
652
652
652
652
651
651
651
651
651
650
650
650
650
650
650
650
649
649
648
648
647
647
647
647
647
647
647
647
647
647
647
647
647
646
645
645
645
645
645
644
644
644
644
643
643
643
643
643
643
643
642
642
642
642
642
642
642
642
642
641
641
641
641
640
640
640
639
639
639
639
639
638
638
638
638
638
638
638
638
638
638
638
637
637
637
637
637
637
636
636
636
636
636
636
635
635
635
635
634
634
634
634
634
633
632
632
631
631
631
630
630
630
630
630
629
629
629
629
629
629
629
629
629
628
628
628
627
627
626
626
626
625
625
625
625
625
625
625
625
625
625
625
624
624
623
623
623
623
623
623
623
622
622
622
622
621
621
620
620
620
620
619
619
619
619
619
619
618
618
618
617
617
617
616
616
616
616
616
616
615
614
614
614
614
614
614
614
613
613
613
612
612
612
612
612
612
612
612
612
612
612
611
611
611
611
611
611
610
610
610
610
610
609
609
609
609
608
608
608
608
607
607
607
607
607
607
607
607
606
606
606
606
605
605
605
605
605
605
604
604
603
603
603
603
602
602
602
602
602
602
601
601
601
601
601
600
600
600
600
600
600
599
599
599
599
599
599
599
598
598
597
597
597
597
597
597
597
597
597
596
596
596
596
596
596
596
596
595
595
595
595
595
594
594
594
594
594
594
594
593
593
593
593
592
592
592
592
592
592
591
591
591
590
590
590
590
590
590
589
589
589
589
588
588
588
588
588
587
587
587
587
587
587
587
586
586
586
586
586
586
585
585
585
585
585
585
584
584
584
584
584
583
583
583
583
582
582
582
582
582
582
582
581
581
581
581
581
581
581
580
580
580
580
580
579
579
579
579
579
579
579
578
578
578
577
577
577
577
577
576
576
576
576
575
575
574
574
574
574
574
574
574
573
573
573
573
573
572
571
571
571
571
571
571
571
570
569
569
569
569
568
568
568
568
567
567
567
566
566
565
565
565
565
564
564
564
564
564
564
564
564
564
563
563
563
563
562
562
562
562
562
562
561
561
561
561
561
560
560
560
560
560
560
560
559
559
559
559
559
558
558
558
558
558
558
558
558
557
557
557
557
557
556
556
556
556
556
556
555
555
555
555
554
554
554
554
554
553
553
553
553
553
553
552
552
552
552
552
552
552
552
552
552
552
551
551
551
551
551
551
551
550
550
550
550
549
549
549
549
549
548
548
548
548
548
547
547
547
547
547
546
546
546
546
546
545
545
545
545
544
544
544
544
543
542
542
541
541
541
541
541
541
540
540
540
540
539
539
539
538
538
537
537
537
537
537
536
536
536
536
536
536
536
536
536
535
535
535
534
534
534
533
533
533
533
533
532
532
532
532
532
531
531
531
530
530
530
530
530
530
530
529
529
529
529
529
529
529
528
528
528
527
527
527
526
526
526
526
526
525
524
524
524
524
524
523
523
523
523
523
523
523
522
522
522
522
522
522
521
521
521
521
520
520
520
519
519
519
519
519
518
518
518
518
518
518
518
517
517
517
517
517
517
517
517
517
516
516
516
516
516
515
515
515
515
515
515
514
514
514
514
513
513
513
513
512
512
512
512
512
512
512
511
511
510
510
510
510
510
510
509
509
509
509
509
509
509
508
508
508
508
508
507
507
507
507
507
507
507
507
506
505
505
505
505
505
505
505
505
504
504
504
504
504
504
504
504
504
503
503
503
503
503
502
502
502
502
502
502
501
501
501
501
500
500
500
500
500
499
499
499
499
499
499
499
499
498
498
498
498
498
498
498
498
497
497
497
497
497
497
497
497
497
496
496
496
496
496
496
495
495
495
495
495
495
494
494
494
494
494
494
494
493
493
493
493
492
492
492
491
491
491
491
490
490
489
489
489
489
489
489
489
489
488
487
487
487
487
487
487
487
487
487
486
485
485
484
484
484
483
483
483
483
483
482
482
481
481
481
481
481
481
481
481
481
481
481
480
480
480
480
480
479
479
479
478
478
478
478
478
478
478
478
477
477
477
477
476
476
476
476
475
475
475
475
475
474
474
474
474
474
474
473
473
473
473
473
473
473
473
472
472
472
472
472
472
471
471
471
471
471
471
470
470
470
470
470
470
470
470
470
470
469
469
469
469
469
469
469
468
468
467
467
467
467
467
466
466
466
466
466
466
465
465
465
465
465
465
465
464
464
464
464
464
464
464
463
463
463
463
462
462
462
462
462
462
462
462
462
462
461
461
461
461
461
461
461
461
461
460
460
460
460
460
460
459
458
458
458
458
457
456
456
455
455
455
455
455
455
455
454
454
454
454
454
454
453
453
453
453
453
452
452
452
452
452
451
451
451
451
451
450
450
450
450
450
450
450
449
449
449
448
448
448
448
448
448
448
448
447
447
447
447
447
447
447
446
446
446
445
445
444
444
444
444
444
444
444
444
443
443
443
443
442
442
442
442
442
442
442
441
441
441
441
441
441
441
441
440
440
440
440
439
439
439
439
438
438
438
438
437
437
437
437
437
437
437
437
437
437
436
436
435
435
435
434
434
434
434
434
434
433
433
433
432
432
432
432
432
432
431
431
431
431
431
431
431
431
431
430
430
430
430
430
430
429
429
429
429
429
429
429
428
428
427
427
427
427
427
427
427
426
426
426
426
425
425
425
425
425
425
425
425
424
424
424
423
423
422
422
422
422
422
422
421
421
421
421
421
420
420
420
420
420
419
419
419
419
418
418
418
418
418
418
417
417
417
417
417
416
416
416
414
413
413
413
413
412
412
412
412
412
411
411
411
411
411
410
410
410
410
410
410
410
410
409
409
409
409
409
408
408
408
407
407
407
407
406
406
405
405
404
404
404
404
404
404
404
403
403
403
403
403
403
403
402
402
402
402
401
401
401
401
401
401
400
400
400
400
400
400
400
400
400
400
399
399
398
398
398
398
398
398
397
397
397
396
396
396
396
396
396
396
395
395
395
395
395
395
395
395
394
394
394
394
394
394
394
393
393
393
393
393
392
392
392
392
392
391
391
391
391
391
391
391
390
390
390
390
390
390
390
390
390
390
389
389
389
389
389
388
388
387
387
387
387
387
387
387
387
387
387
386
386
386
386
386
385
385
385
385
384
384
384
383
383
383
383
383
383
383
383
383
383
383
382
382
382
382
381
381
381
380
380
380
379
379
379
378
378
378
378
378
378
378
378
377
377
377
377
377
376
376
376
376
376
375
375
375
375
374
374
374
374
374
374
374
374
374
373
373
373
373
373
373
373
373
373
372
372
371
371
371
371
371
371
370
370
370
370
370
369
369
369
368
368
368
368
367
367
367
367
366
366
366
366
366
366
365
365
365
365
365
365
365
364
364
363
363
363
362
362
362
362
362
362
362
362
361
361
361
361
361
361
361
361
360
360
360
360
360
360
360
360
360
360
360
359
359
359
359
359
359
358
358
358
358
358
358
357
357
357
357
357
357
357
357
356
356
356
356
355
354
354
354
354
354
354
353
353
353
353
353
353
353
352
352
352
352
352
352
352
351
351
351
351
351
350
350
350
350
350
349
349
349
349
349
348
348
348
348
348
348
348
348
347
347
347
347
347
346
346
346
346
346
346
346
345
345
345
345
345
344
344
344
344
343
343
343
343
343
343
343
342
342
341
341
341
340
340
340
339
339
339
338
338
338
338
337
337
337
337
337
337
336
336
336
336
336
336
336
335
335
335
335
335
335
335
335
334
334
334
334
333
333
333
332
331
331
331
331
330
329
329
329
329
329
329
328
328
328
328
328
328
328
328
327
327
327
326
326
326
326
325
325
325
325
325
325
325
325
324
324
324
324
324
324
324
323
323
323
322
322
322
322
322
321
321
321
321
321
320
320
320
320
320
320
319
319
319
319
319
318
318
318
318
317
317
317
317
317
317
316
316
316
316
316
316
315
315
315
315
315
315
314
314
314
314
314
313
313
313
313
312
312
312
312
311
311
311
311
310
310
310
310
310
310
309
309
309
309
308
308
308
308
308
308
307
307
307
306
306
306
306
306
306
306
306
305
305
305
304
304
304
304
303
303
303
303
303
302
302
302
302
302
301
301
301
301
301
301
301
301
300
300
300
300
300
300
299
299
299
299
298
298
298
298
298
298
298
297
297
296
296
296
296
296
296
295
295
294
294
294
294
294
293
293
292
292
292
292
292
291
291
291
291
291
290
290
290
290
290
290
290
290
289
289
289
289
289
288
288
288
288
287
287
287
287
287
287
287
286
286
286
285
284
284
284
284
284
284
283
283
283
282
282
282
282
282
281
281
281
281
281
281
280
280
280
279
279
279
279
279
279
279
278
278
278
278
278
278
277
277
277
277
277
277
277
276
276
276
276
276
275
275
275
275
275
275
275
274
274
274
273
273
273
273
273
273
273
273
273
272
272
272
272
272
271
271
271
271
271
270
270
270
270
270
270
269
269
269
269
269
268
268
268
267
267
267
267
267
267
266
266
266
265
265
265
265
265
265
265
265
265
265
265
264
264
264
264
264
263
263
263
263
263
262
262
262
262
262
262
262
261
261
261
261
261
261
261
261
260
260
260
260
260
260
260
259
259
259
259
259
259
258
258
258
258
258
258
257
257
257
257
256
256
256
256
256
256
255
255
255
255
255
255
255
255
255
255
254
254
254
253
253
253
253
252
251
251
251
251
251
251
251
251
250
250
249
249
249
249
249
248
248
248
248
247
247
247
247
247
247
246
246
246
246
246
246
246
246
246
245
245
245
245
245
245
244
244
244
244
244
243
243
243
243
243
242
242
242
242
242
241
241
241
241
240
240
239
239
239
239
239
238
238
238
238
238
238
237
237
237
237
237
237
237
236
236
236
236
236
236
235
235
235
235
235
235
235
234
234
234
234
234
234
233
233
233
233
233
233
232
232
232
232
232
232
231
231
231
231
231
231
231
231
230
230
230
230
230
230
229
229
229
229
229
229
228
228
228
227
227
227
227
227
227
226
225
225
225
225
225
225
224
224
223
223
223
222
222
222
222
222
222
222
222
221
221
221
221
221
221
221
221
220
220
220
220
219
219
219
219
219
219
219
218
218
218
218
218
217
217
217
217
217
217
217
217
217
216
216
216
216
216
215
215
215
215
214
214
214
214
214
214
214
214
214
213
213
213
213
212
212
212
212
212
212
211
211
211
211
210
210
210
210
210
209
209
209
209
209
208
208
207
207
207
207
207
206
206
206
206
206
206
205
205
205
205
204
204
203
203
203
202
202
201
201
201
201
201
201
200
200
200
200
200
200
200
200
200
199
199
199
198
198
198
197
197
197
197
196
196
196
196
196
195
195
194
194
194
194
193
193
193
193
193
192
192
192
192
192
191
191
191
191
191
190
190
190
190
190
190
190
190
189
189
189
189
189
189
188
188
188
188
188
187
187
187
187
186
186
186
185
185
185
185
185
185
185
184
184
184
184
183
183
183
183
183
183
183
182
182
182
182
182
182
182
182
181
181
181
181
181
181
181
181
181
181
181
180
180
180
180
180
180
180
179
179
179
178
178
178
177
177
177
177
176
176
176
176
176
175
175
175
175
175
174
174
174
173
173
173
173
173
173
173
173
172
172
171
171
171
171
170
170
170
170
170
170
170
169
168
168
167
167
167
167
167
166
166
166
166
166
166
165
165
165
165
165
165
164
164
164
164
163
163
163
163
162
162
162
162
162
161
161
161
161
161
161
161
160
160
160
159
159
159
159
159
159
158
158
158
158
158
157
157
156
156
156
156
156
156
156
156
156
156
156
156
156
156
155
155
155
155
155
155
154
154
154
154
154
154
153
153
153
153
152
152
152
152
152
151
151
151
151
151
151
150
150
150
150
149
149
149
149
149
148
148
148
148
147
147
147
147
147
147
147
147
146
146
146
146
146
146
146
146
146
145
145
145
144
144
144
144
144
144
143
143
143
143
143
143
143
142
142
142
142
142
141
141
141
140
140
140
140
139
138
138
138
138
138
138
138
138
137
137
137
137
137
136
136
136
136
136
135
135
135
135
134
134
134
134
133
133
133
133
133
133
133
133
133
132
132
132
132
131
131
130
130
130
130
130
129
129
128
128
128
128
128
128
127
127
127
127
126
126
126
126
126
125
125
125
125
125
125
125
125
125
125
125
124
124
123
123
123
123
122
122
122
122
122
122
121
121
120
120
120
120
120
120
120
120
120
119
119
119
119
119
119
118
118
118
118
118
118
118
118
118
118
117
117
117
117
117
116
116
116
116
116
116
116
115
115
115
115
115
115
115
114
114
114
114
114
114
113
113
113
113
112
112
112
112
112
111
111
111
110
110
110
110
110
110
109
109
109
109
108
108
108
108
107
107
107
107
107
107
106
106
106
106
106
106
106
105
105
105
105
105
104
104
104
104
104
104
104
104
103
103
103
103
103
102
102
102
102
102
102
102
102
102
102
102
101
101
101
101
101
101
100
100
100
100
99
99
99
99
99
99
98
98
98
98
97
97
97
97
97
97
97
97
96
96
96
95
95
95
95
95
94
94
94
94
94
93
93
93
93
93
93
92
92
92
92
92
92
92
92
91
91
91
91
91
91
90
90
90
90
89
89
89
89
89
89
89
89
88
88
87
87
87
87
86
86
86
86
86
86
85
85
84
84
84
84
84
83
83
83
83
83
83
82
82
82
81
81
81
81
81
80
80
80
80
80
80
79
79
79
79
79
78
78
78
78
77
77
77
77
77
76
76
76
76
76
76
75
75
74
74
74
74
74
73
73
73
73
72
72
72
72
72
72
71
71
71
71
71
70
70
70
70
70
70
70
70
69
69
69
69
69
69
69
68
68
68
68
68
67
67
67
67
67
66
66
66
66
65
65
65
64
63
63
62
62
62
62
62
61
61
61
61
61
61
61
60
60
60
60
60
60
60
60
59
59
59
59
59
59
58
58
58
58
57
57
57
57
57
57
57
56
56
55
55
55
55
55
55
55
54
54
54
54
54
54
53
53
53
53
52
52
52
52
52
52
51
51
51
51
51
51
51
50
50
50
50
50
50
50
49
49
49
49
49
48
48
48
47
47
47
47
47
47
46
46
46
46
46
46
45
45
44
44
44
44
44
44
44
43
43
43
43
43
43
43
42
42
42
42
42
41
41
41
41
41
40
40
40
39
39
39
39
39
38
38
38
38
38
38
38
38
38
37
37
37
37
37
36
36
36
36
36
36
35
35
35
35
34
34
34
34
34
33
33
33
33
33
32
32
31
31
31
31
31
31
31
31
31
30
30
30
30
30
29
29
29
29
29
28
28
28
27
27
27
27
27
27
27
26
26
26
26
26
26
25
25
25
25
25
25
25
25
24
24
24
24
24
23
23
22
22
22
22
22
22
22
21
21
21
21
21
21
20
20
20
20
19
19
19
19
19
19
18
18
18
18
18
17
17
17
17
17
16
16
16
16
15
15
15
15
15
14
14
14
14
13
13
13
13
13
13
13
12
12
12
12
11
11
10
10
9
9
9
9
9
9
9
8
8
8
8
7
7
7
7
6
6
5
5
5
5
4
4
4
4
3
3
3
2
2
2
2
2
2
2
1
1
1
1
1
1
1
1
