2000
1298
638
1553
634
569
1925
337
1080
1904
1691
1000
838
1646
876
1223
1130
117
1651
219
445
212
1680
175
1687
1968
793
439
1755
1596
676
825
1069
579
1543
264
1194
246
1059
1881
1197
451
1336
1733
1373
765
852
1247
453
1897
1366
736
570
105
1471
1553
1838
1185
907
1822
1402
1967
1067
1988
124
158
785
1383
1061
1940
852
120
642
1378
1721
1691
1480
1514
943
1243
1436
1856
1058
429
1893
210
1165
1022
1398
1073
506
430
1650
1710
504
511
324
581
1472
1125
1102
1361
231
904
1999
1482
1342
1652
349
345
1508
965
18
788
1691
509
915
44
1478
154
1607
844
60
1453
1511
412
1036
1848
1940
1542
1444
323
843
114
1847
611
1239
1598
1555
1751
724
397
1238
803
1570
221
795
885
470
1098
628
1580
16
608
1338
1083
1691
997
554
458
561
1812
712
1580
1221
740
1123
768
85
1566
1472
1822
27
1189
1836
686
1513
497
1688
424
81
1452
212
583
705
246
83
1329
714
140
341
1761
1207
37
793
1744
1913
1634
1650
1447
18
604
911
1186
1039
921
980
920
992
784
1231
246
485
780
1798
1403
135
1141
1337
64
88
256
440
831
1822
593
499
935
1576
1896
731
413
1376
1010
1087
1450
1544
1509
146
1144
1754
1784
239
1679
1238
699
1115
1591
1955
1418
1308
1999
692
1141
812
484
1068
1084
1435
345
944
1076
35
1290
828
49
552
1992
824
834
298
839
538
1751
1215
1314
1619
1149
1124
1011
1922
1060
1083
1361
56
1669
734
1963
347
684
946
493
1779
858
979
540
1759
1239
914
892
895
1422
798
1984
331
1490
66
1879
962
1805
1129
1170
563
747
1712
1437
575
34
800
241
213
1055
1558
161
1884
318
1865
1854
1272
333
1730
1144
136
659
597
307
517
725
806
740
671
434
1676
843
518
1216
1543
65
428
1038
816
184
1352
1304
1223
891
116
1321
1205
515
1205
1433
1062
1946
166
653
495
1687
757
1954
182
1514
1115
706
824
68
572
1355
860
1300
1188
1668
1181
260
1677
876
1665
930
1835
1690
1404
717
342
1092
1712
1475
1931
1223
259
720
345
1829
1953
185
788
213
1005
351
1769
1227
928
1440
124
1013
1216
897
217
879
441
1963
416
944
1093
924
1380
1372
796
1242
1777
219
893
1630
1150
1775
89
1102
361
45
839
939
1113
1608
421
1515
1857
1382
1454
309
302
985
793
279
1273
719
1771
1717
1950
454
1784
559
1369
12
388
717
518
370
1231
159
1418
1799
508
119
1949
407
367
1933
204
977
165
579
1686
1687
141
1031
1339
1705
1282
525
278
1169
1770
51
189
371
1219
1881
1331
719
1996
1583
1452
67
233
575
143
1376
1812
1118
1726
1008
1417
1403
1831
1391
614
627
439
1661
1253
604
380
106
1418
1874
882
134
934
1709
747
694
731
1666
855
15
344
253
1147
1079
1445
1093
1940
179
1520
249
1700
295
791
771
1836
1490
1454
1410
1449
1595
289
224
1379
617
752
149
183
1651
85
1884
1104
385
1659
865
1381
1338
1951
1392
1078
716
1879
368
361
546
936
52
1870
1789
1631
575
992
1989
1361
889
627
1282
756
1979
754
1988
1383
1044
1306
301
1157
94
214
1795
1773
1743
1019
1658
1021
1821
1061
822
906
1760
6
1762
1166
1632
753
504
328
670
1545
1183
614
1221
1058
291
140
1035
26
616
1363
472
803
1755
1011
1761
1480
1757
103
865
1349
380
1374
1495
1581
1123
71
1632
708
662
403
13
379
1125
1904
483
1062
1694
1768
478
1709
128
890
1375
954
478
250
489
123
1252
898
1788
730
1306
407
1879
1910
1662
1425
1309
1188
504
1084
13
37
1897
9
561
1317
877
57
754
678
1084
1016
691
890
1440
1740
50
1070
584
142
242
1723
114
963
237
725
212
863
1220
1487
857
1187
1941
1616
1076
93
1290
1275
452
285
1132
1907
1004
973
518
1078
932
1067
492
703
1292
1515
1509
592
237
433
325
683
651
755
1144
1102
1049
1601
592
243
326
597
1708
751
758
1032
374
274
1898
89
1932
29
1419
555
600
1015
1246
1263
14
1294
1929
1630
1551
510
1990
212
527
1753
1930
305
1021
623
1254
1910
1007
902
501
1003
1582
1119
1164
739
330
491
987
835
798
1546
1940
1997
414
1399
437
651
17
1121
667
198
1372
108
1083
1032
1616
1274
592
769
1625
615
514
806
585
1435
977
1900
144
1303
621
1102
1761
496
636
1808
270
671
799
1351
1522
1588
1478
1281
1465
928
978
1046
461
146
1787
205
529
1570
1128
708
260
390
1965
1566
1663
428
1929
1583
1913
1253
111
290
1603
1187
1637
1090
1580
1548
1995
67
674
1612
1922
676
211
1534
1137
728
1803
266
1939
46
1291
1274
1289
490
992
988
1098
665
460
1555
1457
1887
1398
572
388
780
903
439
345
1782
1423
793
1691
1184
1458
1870
664
1674
1952
808
1558
1593
44
1541
273
95
1310
1535
1790
1487
1487
172
196
1773
1051
698
723
1846
1377
412
1402
337
1138
123
112
1866
364
926
377
1365
263
586
1346
1749
1803
211
246
134
338
1590
537
1601
1273
1144
949
607
1582
638
233
425
880
535
347
151
1640
1714
211
632
324
57
1249
330
1838
897
701
815
188
470
1805
1662
1942
1734
407
1821
707
423
1293
1390
1508
1121
154
1556
19
1339
1801
1064
1305
589
1113
998
1636
1436
828
1536
1639
138
872
1084
933
799
284
267
1443
1607
195
1910
883
685
657
1676
196
1961
387
372
1518
1072
64
1506
720
83
306
34
1995
62
1134
1678
1427
1337
59
329
557
673
1034
1287
1710
578
1159
869
184
1631
422
1901
1324
578
417
1338
939
135
290
1290
337
1296
214
1195
446
537
979
1178
51
1283
523
1590
327
680
1
997
211
638
1461
1732
1238
558
1538
1041
238
370
67
1770
1359
814
929
1122
472
643
1589
1113
536
894
1600
1474
957
867
133
261
1076
904
1027
1360
627
771
856
386
936
1036
1294
1202
1662
827
940
334
1504
1104
1629
82
1950
959
1234
1213
1570
867
1809
729
633
1587
1541
1674
1253
1921
1761
344
1423
1155
1320
985
871
345
1124
190
687
938
1311
1101
1144
540
1860
619
1006
1577
438
1793
52
790
1121
5
151
744
1709
1982
1962
588
437
1757
818
1416
176
1723
1053
990
349
426
1089
1400
1963
1510
1387
409
643
1978
1411
522
297
856
1293
681
943
442
1166
1375
861
348
1348
946
1107
1714
574
613
99
1455
85
1898
356
569
893
148
47
1973
134
460
1190
835
1157
1737
470
1456
1945
1412
431
513
1900
1932
1219
1940
1083
861
478
1791
304
32
587
714
1947
642
1580
1650
1728
1923
848
696
1425
156
346
1856
944
1697
1817
1307
760
183
78
722
33
1164
858
151
916
898
48
228
578
653
611
1529
1410
1822
345
242
179
1406
1764
1371
1868
352
1889
769
1488
1890
952
1980
994
525
1710
1852
139
1254
1356
1740
217
1958
1376
1096
1438
153
1784
1949
643
1546
1955
1927
1987
1236
108
682
139
145
387
338
507
1966
1465
1028
209
1037
678
740
348
676
65
1575
165
1602
1596
1601
1934
686
933
289
1490
1933
1290
734
42
65
1593
1678
1012
1110
405
1312
1785
1838
1826
184
1644
65
1048
1223
1108
187
855
305
1714
358
1045
1962
468
767
54
216
1135
1173
853
1081
272
1334
212
1865
293
106
483
1833
117
1042
237
1549
1642
12
315
1900
1688
35
1626
311
1332
1949
698
766
1706
1391
191
1738
561
467
1443
232
1027
1643
1046
1411
436
392
735
1605
1736
1246
642
1157
280
1648
1516
1433
218
278
526
851
1809
187
1558
876
342
670
102
582
1897
1809
752
134
386
653
1879
1413
735
1074
844
1176
569
473
955
1943
1738
876
864
460
199
482
1065
216
1512
800
957
1659
542
1938
929
855
1824
943
1997
616
296
350
1982
73
816
1456
1303
1571
743
686
284
1757
1124
1710
1351
452
1482
534
692
1296
662
1887
399
1364
493
63
330
1560
1605
714
1548
234
297
186
242
98
1699
1460
631
1169
1499
944
963
1078
514
121
1636
788
1617
913
534
1066
1867
843
1702
987
459
1864
1542
974
1709
1045
229
1946
1820
1030
1779
1218
1708
1267
660
1682
163
1021
561
992
1000
1510
181
464
291
374
1481
627
213
946
1742
165
1063
1262
1269
96
55
609
1890
1791
1282
1646
1113
1709
494
1570
1123
313
781
351
274
287
1150
1233
122
1869
1992
802
406
1861
605
216
670
1911
816
1377
166
693
1484
54
609
1553
1864
937
459
1893
449
113
856
1157
1973
261
569
657
282
1348
609
1127
1714
181
770
1554
1474
1734
127
1098
1244
52
105
947
1886
1414
1212
314
154
1848
1457
481
1174
545
1011
19
288
1722
1278
787
1004
965
865
1657
1158
971
1504
1942
1145
1937
1351
1414
379
1756
484
894
58
11
1448
1484
1356
1871
851
1929
727
660
265
636
1012
145
1589
701
711
1388
270
107
253
1221
1950
859
339
1307
1871
319
1497
901
1762
1623
1194
1820
1215
1573
1173
191
129
283
1706
392
316
56
1746
1242
1474
162
959
1095
714
1889
1417
387
1586
1427
856
821
754
542
1125
1479
838
1019
1799
1159
1773
925
330
1983
1365
1392
1757
275
1743
802
1320
264
1916
1426
124
1612
1772
1523
1549
945
1275
312
1747
1202
1582
1080
1174
121
1696
1288
861
1231
1254
248
626
827
480
1050
1066
1572
1592
7
574
1533
695
898
1111
1329
1833
1391
1951
1508
941
1084
1080
1048
1737
458
845
158
953
387
1431
584
1670
772
199
1577
764
255
222
320
97
484
618
1799
249
239
36
843
1916
878
1758
1636
1139
1439
74
979
1415
937
518
1741
100
1834
356
1591
1076
563
1092
1591
1055
1824
1139
79
775
1545
465
1808
1504
1359
147
573
317
815
1981
601
956
1875
792
979
1778
1000
707
1187
381
1956
924
118
81
376
1856
490
1302
744
1327
1679
1525
296
1423
1657
101
1969
373
619
905
1450
1799
537
996
555
13
1505
732
154
151
1028
450
1531
1752
111
756
1521
155
545
904
1555
619
1900
1936
12
677
1108
1870
416
1324
1096
1783
673
766
1418
41
1860
466
822
530
457
1790
1037
1804
166
394
1302
333
172
666
43
789
7
1990
940
520
225
1416
54
154
1002
1907
1705
536
507
1315
104
522
226
1384
1213
759
1562
1743
1002
41
355
718
267
731
1623
471
951
1880
1889
1340
530
349
548
304
1702
1809
1648
1413
1908
320
455
966
219
1670
583
1718
1426
1512
1267
1032
1587
1007
1183
913
845
533
1174
270
297
834
456
282
620
566
1400
998
1576
1920
1748
810
1505
1570
1814
91
944
1999
1999
1997
1995
1992
1991
1990
1989
1987
1987
1986
1986
1985
1983
1983
1982
1982
1979
1978
1977
1976
1974
1973
1970
1968
1968
1967
1966
1964
1963
1962
1962
1961
1961
1960
1959
1959
1958
1955
1954
1954
1953
1951
1949
1949
1949
1949
1947
1945
1945
1945
1944
1942
1942
1941
1939
1939
1939
1939
1938
1935
1935
1934
1934
1930
1930
1929
1928
1927
1927
1925
1925
1921
1917
1917
1916
1916
1915
1913
1911
1910
1910
1908
1908
1907
1907
1906
1906
1905
1904
1904
1903
1902
1902
1900
1900
1900
1898
1898
1897
1894
1894
1894
1893
1893
1892
1891
1890
1888
1887
1886
1885
1885
1885
1884
1883
1883
1883
1881
1881
1880
1880
1879
1879
1878
1878
1877
1875
1873
1872
1870
1870
1870
1870
1869
1868
1868
1866
1864
1863
1862
1861
1860
1860
1859
1859
1859
1855
1855
1854
1853
1846
1846
1846
1843
1843
1843
1842
1842
1842
1841
1840
1840
1839
1837
1833
1832
1832
1832
1830
1830
1826
1824
1823
1820
1818
1817
1817
1815
1813
1813
1813
1811
1809
1808
1807
1805
1802
1800
1800
1799
1799
1798
1797
1796
1795
1795
1795
1794
1793
1791
1790
1789
1786
1785
1785
1785
1784
1784
1783
1782
1781
1778
1777
1771
1767
1766
1766
1764
1764
1763
1762
1761
1761
1760
1759
1759
1759
1759
1758
1758
1757
1757
1756
1755
1753
1751
1750
1750
1747
1747
1746
1745
1744
1742
1740
1739
1739
1738
1738
1737
1737
1735
1731
1730
1726
1726
1726
1725
1725
1724
1724
1723
1723
1722
1721
1715
1713
1713
1712
1712
1711
1711
1710
1709
1708
1707
1704
1703
1703
1702
1702
1701
1701
1700
1694
1694
1693
1692
1689
1687
1687
1687
1686
1686
1685
1685
1684
1684
1684
1683
1682
1681
1681
1681
1679
1675
1674
1674
1673
1673
1671
1670
1669
1669
1668
1665
1665
1665
1664
1660
1660
1660
1658
1655
1653
1653
1653
1652
1652
1652
1652
1651
1650
1650
1649
1648
1647
1647
1647
1644
1642
1641
1641
1640
1639
1639
1638
1636
1635
1633
1633
1633
1632
1629
1628
1626
1626
1625
1623
1621
1620
1619
1618
1617
1615
1614
1611
1611
1610
1610
1607
1606
1606
1604
1603
1602
1602
1602
1602
1600
1598
1598
1596
1595
1594
1593
1593
1591
1590
1590
1589
1588
1587
1587
1586
1585
1585
1583
1579
1579
1579
1578
1577
1577
1577
1577
1575
1575
1573
1571
1571
1570
1570
1569
1568
1567
1564
1564
1563
1563
1561
1559
1559
1555
1554
1553
1551
1550
1550
1550
1550
1549
1549
1548
1543
1543
1543
1542
1542
1541
1541
1539
1538
1534
1534
1532
1532
1531
1529
1529
1528
1528
1525
1523
1522
1521
1521
1520
1519
1519
1518
1517
1516
1515
1515
1514
1512
1512
1510
1507
1507
1507
1507
1506
1505
1505
1503
1503
1503
1502
1502
1500
1499
1498
1495
1495
1494
1492
1488
1488
1488
1488
1488
1488
1485
1485
1485
1483
1483
1481
1480
1480
1480
1479
1479
1478
1476
1476
1475
1475
1473
1472
1471
1471
1470
1469
1468
1468
1467
1467
1466
1466
1464
1464
1463
1463
1461
1460
1459
1459
1459
1459
1458
1454
1454
1453
1449
1448
1447
1446
1445
1442
1441
1441
1441
1440
1440
1440
1438
1437
1437
1436
1435
1432
1431
1431
1430
1429
1428
1428
1428
1427
1425
1425
1424
1424
1423
1423
1421
1420
1420
1418
1418
1418
1417
1416
1415
1415
1415
1413
1412
1412
1412
1410
1409
1409
1407
1406
1405
1405
1404
1403
1403
1402
1400
1400
1400
1398
1397
1396
1394
1393
1392
1392
1391
1389
1388
1387
1386
1382
1382
1382
1380
1380
1379
1378
1378
1377
1375
1372
1371
1370
1369
1368
1367
1365
1365
1363
1362
1362
1357
1355
1354
1354
1353
1353
1353
1349
1349
1348
1348
1347
1346
1344
1342
1342
1339
1338
1336
1335
1335
1334
1334
1332
1331
1330
1330
1329
1326
1325
1325
1324
1324
1321
1320
1319
1318
1317
1316
1315
1315
1314
1314
1313
1313
1313
1312
1310
1308
1308
1306
1306
1306
1305
1305
1304
1304
1303
1302
1302
1301
1301
1301
1297
1297
1296
1291
1290
1289
1288
1288
1287
1285
1284
1284
1283
1282
1282
1282
1282
1280
1280
1280
1279
1278
1278
1277
1276
1274
1274
1273
1272
1270
1269
1269
1267
1267
1267
1263
1262
1260
1260
1258
1257
1257
1255
1254
1251
1251
1249
1246
1245
1245
1243
1243
1243
1241
1237
1237
1236
1236
1235
1234
1232
1232
1231
1229
1227
1226
1224
1224
1222
1222
1222
1222
1220
1220
1220
1219
1217
1215
1211
1210
1210
1209
1209
1208
1208
1206
1205
1205
1202
1201
1200
1197
1196
1191
1191
1190
1190
1189
1188
1188
1188
1187
1187
1186
1185
1184
1182
1181
1181
1179
1179
1177
1177
1176
1175
1175
1173
1173
1170
1169
1168
1166
1162
1162
1162
1162
1162
1160
1160
1160
1159
1154
1153
1153
1152
1151
1150
1149
1149
1149
1149
1149
1148
1147
1147
1147
1147
1147
1144
1142
1141
1141
1141
1141
1140
1139
1139
1137
1136
1133
1132
1131
1131
1130
1127
1126
1126
1126
1125
1122
1122
1121
1119
1119
1118
1117
1112
1111
1111
1109
1108
1107
1103
1101
1101
1101
1100
1100
1096
1096
1094
1094
1094
1092
1091
1089
1089
1088
1087
1085
1084
1081
1081
1081
1081
1080
1078
1075
1074
1074
1074
1072
1071
1071
1070
1068
1068
1067
1066
1064
1062
1062
1062
1061
1061
1060
1058
1057
1056
1056
1055
1053
1052
1052
1051
1050
1049
1048
1046
1046
1046
1046
1046
1044
1041
1037
1036
1035
1033
1033
1033
1033
1033
1032
1032
1032
1032
1032
1029
1028
1026
1025
1025
1025
1024
1023
1023
1023
1022
1022
1021
1021
1020
1020
1020
1019
1018
1017
1017
1016
1016
1016
1013
1012
1012
1011
1011
1011
1009
1008
1008
1007
1007
1006
1006
1004
1004
1004
1000
1000
999
998
996
995
993
992
992
991
989
988
988
987
986
985
984
984
983
981
981
979
977
977
976
974
973
973
973
972
971
970
969
969
968
968
967
962
960
960
960
959
957
955
955
955
955
953
952
951
951
948
946
946
946
945
944
944
943
939
938
937
936
931
931
930
929
929
928
928
928
927
926
925
924
923
923
923
922
921
920
919
919
919
916
914
913
909
909
908
908
907
907
906
905
903
903
899
897
897
897
897
896
896
893
892
891
891
891
890
890
889
888
888
887
885
884
884
884
883
881
880
879
878
878
877
874
873
872
871
871
870
870
867
862
861
858
856
856
856
855
854
851
850
848
847
846
845
841
841
841
839
837
837
836
835
833
832
831
831
830
830
829
829
828
827
827
826
824
823
822
821
820
820
820
819
818
818
817
817
813
813
812
809
807
806
798
797
796
795
795
794
793
793
792
792
792
790
790
790
788
785
783
782
782
781
781
779
779
778
778
776
774
773
771
771
770
770
769
769
768
768
768
767
766
766
765
764
763
760
760
759
759
758
758
756
756
753
752
751
750
749
749
746
746
745
745
744
743
743
742
741
741
740
740
739
738
737
737
735
734
734
732
731
731
731
731
731
730
730
729
727
727
727
726
725
721
721
718
717
715
715
710
709
709
709
707
706
705
705
705
704
704
704
703
702
701
700
700
698
696
696
696
693
692
690
689
689
689
689
688
685
682
682
681
681
680
679
677
675
674
674
671
669
669
668
668
666
665
665
662
661
661
659
659
659
659
657
656
656
656
655
654
651
650
650
650
649
648
646
645
643
640
639
638
637
637
636
635
634
634
634
634
633
633
630
628
628
627
627
627
626
626
626
625
623
623
621
620
619
619
619
619
618
616
616
615
615
614
613
613
611
610
610
610
609
607
606
605
604
603
602
602
601
600
595
593
593
591
590
589
588
586
586
586
584
583
581
578
578
578
577
575
575
575
573
573
571
571
571
570
569
569
568
568
564
564
564
564
563
562
562
562
561
560
559
556
556
555
553
552
552
552
552
552
552
550
548
548
548
547
545
544
544
544
543
542
540
539
537
535
535
534
532
532
530
529
529
528
525
524
523
523
522
521
521
521
520
520
519
518
517
517
515
512
511
510
510
508
505
505
504
503
502
501
499
499
498
497
496
494
493
491
491
488
486
485
485
484
483
482
482
481
481
481
481
481
479
479
477
477
476
473
473
472
472
471
471
470
470
468
464
464
463
463
461
459
459
457
456
456
456
452
451
450
448
444
442
442
441
441
439
439
438
435
435
434
432
430
429
429
428
427
425
425
421
417
415
415
415
413
411
410
407
406
404
402
402
401
401
400
397
397
396
396
396
396
395
394
393
392
392
392
391
391
391
388
387
387
386
386
385
385
384
384
384
382
382
381
381
379
378
376
376
372
371
370
369
368
367
366
365
363
363
362
359
359
358
355
354
354
354
353
350
350
349
348
347
345
344
344
343
341
339
338
338
337
337
337
336
336
335
334
333
332
331
331
331
329
328
328
326
325
324
323
323
321
320
319
319
317
316
315
314
314
312
310
310
309
308
308
305
303
303
303
303
302
301
301
301
300
299
297
296
295
295
293
293
291
291
288
288
288
287
286
284
282
282
282
282
280
277
277
275
274
274
274
272
272
272
271
271
270
270
268
266
265
263
261
261
260
260
259
257
256
255
255
253
253
250
245
244
244
242
241
238
232
230
230
230
230
229
226
225
223
221
221
221
221
221
220
220
218
218
216
215
215
214
214
214
212
211
209
207
206
206
204
204
203
201
200
199
198
197
196
195
195
193
193
190
190
190
189
188
186
185
183
183
183
183
183
182
178
175
174
174
174
171
171
170
168
168
167
167
166
166
165
164
164
162
159
159
158
158
156
156
154
154
152
151
151
150
145
144
143
143
142
141
140
140
139
139
138
137
136
135
135
135
134
130
129
129
128
127
126
125
124
124
122
121
120
118
118
118
117
116
115
114
114
113
113
113
112
112
111
111
110
110
106
105
102
101
99
95
94
92
92
92
91
90
90
90
89
88
88
87
86
86
85
84
84
83
83
82
81
78
77
77
77
76
75
75
74
74
73
73
71
70
70
68
67
66
66
63
61
60
60
58
57
56
56
55
55
54
53
52
52
52
51
50
49
49
48
48
46
45
44
44
44
42
42
42
41
41
38
37
36
36
36
34
34
33
32
32
31
30
29
26
25
24
23
20
20
19
18
18
18
17
16
15
15
15
15
14
14
13
13
13
13
11
11
10
10
9
7
6
3
1
