3000
1643
421
1328
683
508
1010
567
1936
386
61
227
587
649
706
677
1643
16
1378
140
79
162
1382
1158
93
1617
1293
991
1629
1894
1723
1531
894
1206
950
84
1103
40
881
561
1422
976
714
1266
1160
864
1976
606
1536
694
1479
731
1588
33
214
302
107
1891
1100
497
687
1143
539
197
1815
285
524
750
1567
611
1184
1147
813
867
745
398
715
118
536
233
952
1844
193
950
1532
1672
1597
1509
1246
568
484
132
1547
1332
1367
284
151
111
662
1594
1690
371
753
172
234
1997
1407
1230
1775
1104
1824
255
1370
687
1561
547
1946
308
171
274
449
1502
1143
224
318
595
1602
1522
1592
1623
1311
1072
1128
1973
175
1762
1000
572
1297
243
670
1533
1102
1964
1642
1756
933
351
790
1863
1216
1149
1366
74
1241
1426
1747
1018
1832
634
1416
1360
1002
231
1080
1461
192
1582
1834
1505
1830
1245
167
1268
230
423
331
147
1116
372
121
1668
83
1736
86
146
764
1009
1270
749
1681
380
46
531
171
1820
1148
1993
1086
1382
670
997
1074
1770
98
364
944
782
1801
450
76
866
1488
902
1903
1969
213
1219
235
590
1331
1118
489
1466
1103
451
1470
1926
1948
279
273
1456
1363
1181
201
977
1438
48
540
1636
1210
728
1175
984
1664
730
1820
1357
659
1458
970
1373
933
1045
651
1503
1516
748
1341
385
440
1309
1920
1274
1479
1543
974
278
1746
396
38
1800
1823
575
646
1458
1477
468
1216
650
1288
1807
1170
849
1774
1113
1585
293
950
566
437
1312
776
432
22
1735
1500
1013
1364
1864
195
1227
1334
1448
992
1384
1801
731
1194
874
1468
1224
359
954
1734
130
818
1429
541
867
133
1619
145
1267
1587
1193
1955
1324
1949
1370
425
1101
750
831
418
96
292
278
485
1007
108
509
615
1534
1883
1938
1938
150
971
513
1743
571
1210
1939
801
638
445
1469
343
191
1490
852
1789
1958
1015
428
1828
334
98
282
1762
1573
979
973
1337
360
1404
1137
1057
705
1320
1520
1785
1253
1117
1137
897
399
523
765
444
1994
1493
1153
1472
1301
477
1745
1037
762
206
1917
523
1564
505
333
855
1288
445
1634
1962
1382
1332
1396
1190
153
670
1040
815
420
1712
1553
1284
1908
1319
1698
243
1539
125
1313
157
1071
686
1079
769
1261
1550
175
1053
1222
830
1856
974
1310
1858
81
1083
1023
437
1230
717
139
134
1185
1263
417
8
1740
1849
1331
1099
723
825
704
1933
210
533
1739
392
383
1606
791
264
891
982
1137
1967
705
623
1098
981
430
246
663
559
759
1189
1922
1140
678
952
1678
791
70
1726
188
856
684
904
210
100
163
1692
41
808
1088
1280
1420
1305
1561
706
460
61
398
1925
1080
636
898
1477
1494
1448
672
1078
1014
1783
58
941
796
1083
267
769
261
743
948
1556
989
8
1002
1521
364
1168
1528
1794
224
886
1879
745
121
560
1730
476
323
670
1172
1389
1083
1599
358
196
797
429
1505
828
858
1099
178
19
1619
1233
773
241
320
62
1205
1125
740
194
1328
903
716
148
769
1320
1321
1627
1427
424
1645
357
390
1390
732
164
432
560
1654
1693
80
931
1473
555
781
1791
1655
1961
788
1350
90
1417
806
1595
1892
1411
964
1935
1511
909
460
237
798
1013
1676
1686
914
2
1284
486
1277
203
1802
267
966
188
951
580
1399
634
1481
1481
327
1136
1720
780
1966
54
546
609
1730
626
279
312
1573
1092
1134
663
1666
1356
840
1424
444
1682
486
777
732
310
1945
1094
1410
1253
687
1443
256
389
335
1457
1379
359
502
246
1352
1447
171
969
149
1647
380
1060
148
1398
774
1048
1908
1092
1481
432
1300
1733
1763
1357
1818
1062
1032
467
1543
1008
1286
1998
996
392
1603
636
134
933
529
1686
1640
1168
854
622
1847
1074
749
1449
237
1907
209
860
116
578
1412
1720
601
1709
1577
57
130
906
1763
1833
1840
170
1360
323
1538
1529
186
1564
48
1484
1985
1418
1474
1406
815
531
1035
1195
1302
1698
1688
919
1566
743
85
765
695
1263
407
817
1338
859
1631
1218
692
1126
994
773
765
404
960
1193
279
173
701
238
427
706
1935
1467
1578
1709
1908
557
722
1083
1553
665
1274
230
650
710
320
1106
193
1515
341
916
1399
1668
125
43
550
1181
523
1608
551
61
1514
659
569
1138
836
403
245
218
1583
122
573
1336
787
494
45
755
1736
1702
427
1139
476
700
1757
1224
1544
548
747
1590
1953
1621
1168
1977
1872
1575
764
719
204
1717
1047
1752
812
925
1188
1052
1497
466
301
1188
1829
1803
1763
1639
1729
660
1103
1273
955
1767
1157
1042
1282
913
456
211
1565
1548
1372
582
1653
1802
1316
553
563
1671
145
1973
1938
755
1355
1983
680
83
858
1416
936
1606
1065
331
1326
1689
1686
678
1343
1116
163
1400
1838
1906
742
1631
1157
716
202
309
24
325
1694
323
251
813
1129
1850
1349
307
824
1029
642
979
483
344
382
1511
1830
487
1495
1094
1037
686
1116
591
1111
1146
1478
983
1015
491
1698
392
1288
1418
1493
1873
1074
1401
1450
1771
1604
1539
807
888
1030
545
1062
366
1475
1117
1452
437
1046
1134
154
729
1266
1641
1225
278
668
68
1114
1793
167
1903
123
816
907
833
1269
1285
1704
1368
1730
624
785
1599
1003
649
1544
1694
362
575
38
1268
624
877
484
1728
652
452
737
1011
435
1038
1732
126
1004
475
1713
307
818
367
1236
139
1355
1539
728
1975
1558
1959
1895
291
479
1977
472
411
1573
1656
20
1250
1009
1785
1950
854
1167
1450
708
1170
1141
1988
389
1571
1047
1229
1376
1271
311
349
1922
1836
979
77
1909
489
1260
1778
602
690
820
913
1330
1619
899
859
728
697
275
586
1933
1843
286
1437
1625
1522
768
444
714
719
92
91
630
23
208
1167
1967
1779
1749
1741
548
1068
1139
1791
1961
782
940
802
582
289
269
1693
485
1322
1675
395
1460
441
579
911
466
348
820
715
1496
1801
844
399
1987
1746
1110
1500
177
1625
1949
526
1234
87
1794
574
844
1901
691
1992
1878
1590
1942
1636
1331
34
710
392
264
590
1250
506
1031
937
1740
1174
1299
1310
971
1920
1502
1568
1535
1887
1130
221
768
1025
229
1194
1578
185
1003
915
78
1233
1786
1709
1177
1759
1188
290
1489
1500
1518
448
1978
1180
1020
1422
853
1449
136
738
1962
1152
271
1140
331
600
712
1339
754
199
1586
394
14
194
1578
1938
153
703
940
1383
1048
1752
516
797
323
78
1557
1176
142
196
418
1769
1120
501
884
1139
1083
1394
414
432
1227
800
1053
1294
986
907
1375
328
162
1614
1258
774
1672
1227
1029
280
618
1275
509
1258
950
1666
1745
884
277
1193
772
939
1752
1410
1489
346
733
900
1348
485
464
1281
1807
822
370
302
311
611
1827
254
800
1444
672
477
176
691
602
1499
1802
874
871
374
1817
275
214
944
1347
22
695
403
1984
90
114
1863
280
1591
1055
1062
466
1760
1542
1372
1588
1456
526
1912
485
1319
1464
1963
752
1091
1271
290
1444
531
461
1504
1456
860
1728
1802
1639
1556
1750
1031
416
244
991
532
1424
1352
988
751
1261
714
435
648
1748
550
1123
1026
450
248
360
1349
1106
125
849
314
1952
176
1139
375
422
1052
1661
1872
1770
92
340
1946
464
492
272
472
1917
489
1147
1663
1902
967
482
502
1119
1323
217
18
1586
210
1337
969
527
1983
407
1552
1829
1520
614
1968
970
1531
892
1343
1316
980
223
1007
734
1644
741
300
884
1015
641
1890
1025
1711
1827
1307
495
1420
1482
502
1821
1363
407
178
1256
369
1999
1692
1690
151
1145
1224
1827
1402
2000
752
1054
514
1005
1247
965
570
343
514
633
1001
334
1231
1659
678
1487
1821
1413
1128
507
816
803
1604
138
1608
263
1982
775
666
806
945
1303
868
1832
524
254
725
1745
1412
1058
1081
1206
533
694
230
1607
957
1729
1998
441
260
647
551
731
470
277
1189
396
337
513
155
1205
131
826
841
1432
1512
478
1084
1589
1033
897
1304
261
704
1308
1454
5
1157
71
420
1752
1554
1184
1441
1274
1627
844
383
205
701
1602
1628
1608
1275
1269
1807
1948
894
1341
1561
1326
929
1817
573
1427
549
26
212
1269
206
687
1285
80
64
818
1494
1698
634
1011
573
833
1398
18
375
1634
1207
1639
701
484
502
644
416
802
30
1133
1180
912
165
559
1342
1444
335
164
1482
1631
1356
235
242
1204
95
445
1240
1298
1754
278
952
174
903
1167
1368
1817
939
30
313
1193
1287
1508
1405
1435
1920
106
1701
1540
189
1182
1529
671
1415
739
317
1661
1329
1867
426
698
1155
962
1693
808
154
1733
1667
214
1596
83
552
1534
545
156
416
1243
707
235
1058
1549
499
34
1749
551
1976
109
734
828
202
728
1973
364
67
1517
455
705
694
69
1300
1979
885
409
573
561
1472
1814
512
1651
1806
1510
111
682
1263
357
776
1030
1435
305
1260
134
1504
1842
1555
883
1669
1286
1536
55
290
139
826
502
386
402
1762
43
465
1386
1294
72
996
428
1046
1631
1675
1020
156
1310
21
1607
1379
26
463
573
90
141
586
1104
1005
296
566
1693
1300
524
1096
1244
1845
78
1436
1659
1208
1155
70
634
1399
1589
1551
1310
826
833
417
806
1587
1343
1638
990
264
1475
1091
1687
197
1059
1558
440
1693
216
298
448
374
1973
939
1134
545
1635
1915
1635
1696
47
1362
139
1235
1164
1476
1765
788
377
298
1764
333
1472
1385
108
1902
1431
1941
1633
1497
169
1261
568
380
667
1462
872
1999
880
1059
743
1290
554
1869
1827
894
1617
176
339
1589
1453
448
1378
1701
339
1383
728
1426
18
125
955
117
1986
1404
708
576
904
1679
855
858
1668
744
1569
808
1157
1780
161
997
1587
1146
135
1287
535
344
263
73
1905
1054
655
1859
437
221
418
1960
327
1758
684
1572
1145
1142
1961
977
1438
1770
1513
1490
324
1534
1054
939
1463
1790
1990
1266
1571
668
640
579
1706
692
1714
1124
1364
617
815
514
1234
1872
1986
784
217
733
885
1386
253
328
259
907
152
1522
1712
831
220
742
278
1008
814
860
607
1991
513
1133
1776
1993
1749
723
1791
1185
1605
1811
1567
1421
1459
1955
68
943
631
101
1589
1188
387
1654
899
1633
1555
484
1761
1145
735
1312
1356
557
1627
732
365
565
1177
1886
1208
1328
1143
1227
253
1082
33
547
1990
1617
691
890
563
536
1559
714
262
787
1989
1241
588
883
1194
1544
1958
939
164
1628
332
1603
430
595
327
866
1713
745
468
758
1104
33
75
40
1036
1822
34
606
659
1519
212
1079
771
426
1091
653
504
170
682
1518
1933
1873
323
1806
1077
628
292
549
908
1944
1796
1009
320
1519
294
531
1457
1760
1682
721
1009
1558
697
718
1434
299
267
1991
911
953
1905
1899
125
1860
1076
290
226
1612
1210
1328
1774
1450
1796
627
943
1066
540
1456
1940
1892
908
707
656
1621
1394
1095
1445
294
673
1406
147
1050
440
1980
1401
628
1473
1263
1976
1504
1957
1938
1649
1872
1059
843
281
1217
506
799
1555
1116
559
524
535
1787
359
266
1705
752
891
403
1295
770
1501
1226
1434
1849
1459
940
467
1624
472
1637
1703
1293
1734
722
741
1724
1001
665
1609
955
281
1756
731
1418
1405
955
1083
153
1633
850
1992
989
1915
568
1601
479
1496
697
1087
36
596
1486
1519
1102
1250
1582
1122
1389
1387
1004
806
1764
1933
289
235
1541
352
203
92
560
438
451
196
888
1766
1992
1512
390
679
1151
298
284
831
1179
558
766
523
1460
753
137
221
345
1990
1361
1885
1072
1837
74
1565
115
1003
1511
529
1879
860
426
1967
1087
610
1417
428
845
253
1210
544
78
1983
1300
1105
1260
352
443
1236
909
1364
1796
801
1048
787
1602
924
1150
1809
1532
1926
833
1889
1422
1167
1764
1387
566
1488
664
292
1020
4
462
562
1134
1173
1573
1517
1235
704
1910
238
1036
1720
189
1319
507
1405
1305
1751
1
921
858
1027
1219
392
1051
1675
838
1633
920
597
257
1549
1835
1071
1478
1334
1089
1051
723
1295
907
1993
1183
823
1367
1713
941
428
248
811
330
1031
301
930
327
1225
653
215
709
509
635
266
1329
136
181
818
769
227
1416
193
640
1620
4
1244
36
734
1549
9
1077
1770
1294
1144
939
346
1341
175
580
606
1683
13
66
952
1663
504
827
1146
132
1490
1997
1939
1426
1475
1303
1003
1175
1660
1862
1330
1562
683
1119
1625
1723
1807
1082
1635
1660
1785
680
668
1291
1558
1333
1450
635
455
1831
265
1777
1615
807
795
549
831
68
137
722
272
1924
1049
866
631
538
499
1130
1401
1745
1520
295
1410
579
459
1355
1609
602
368
1257
1381
422
1614
304
266
1282
1421
1861
684
53
1917
248
1100
1417
380
1912
1126
198
1834
1905
927
234
1013
493
775
704
1863
1522
1247
1908
365
763
1694
1898
1220
1187
826
1149
475
469
1732
740
175
256
412
29
221
1870
690
545
231
1363
1443
986
1015
416
537
746
86
761
788
80
593
1680
58
1417
72
1267
1188
155
636
1705
1610
527
887
1791
108
908
1510
563
1690
1231
819
945
494
1405
805
468
537
917
462
511
1882
928
1530
1505
1754
298
634
1859
1790
228
1056
1605
471
1000
1785
1116
448
803
1277
1961
938
1836
1298
593
304
1359
1233
352
1972
1131
723
1345
1351
539
209
1812
1809
1705
1379
787
1702
1369
519
581
806
767
1306
1950
906
1146
1013
1649
351
218
1605
1860
199
1978
1340
616
726
704
1999
1239
105
1285
1183
854
8
1893
1032
492
1990
56
1701
1187
649
1626
1115
1761
431
1904
1685
1888
963
60
456
1724
1871
106
1953
1499
1881
832
438
964
413
287
1453
1364
648
587
1821
1244
1496
333
666
540
746
753
818
1031
639
1921
1946
1554
366
125
1644
999
881
130
330
1830
1682
544
1517
513
745
167
203
1728
663
437
472
1118
1523
465
1235
992
1146
1324
443
871
221
1646
388
809
1706
877
340
171
163
545
729
1518
1520
652
1769
1829
573
1446
86
288
1160
1112
1339
22
701
59
1504
1610
970
1130
1111
1143
690
1614
54
1999
77
468
189
1221
255
1685
1025
262
1298
1639
1014
1066
1420
501
1073
98
1894
720
717
1174
527
1318
146
1069
1407
862
396
1424
1152
1775
26
1514
1137
740
262
764
640
1711
1568
1011
152
290
1666
322
966
1684
83
1885
1524
1391
1851
641
1683
1778
712
860
286
584
971
396
677
1952
804
1702
1943
1469
860
1468
63
567
1694
830
714
1369
1737
1874
1216
1954
1131
582
1244
699
1318
1486
1067
1231
1252
1497
1421
110
745
1041
1102
309
1971
743
24
1218
444
495
1512
1658
305
1912
335
266
1621
1900
1006
889
403
1416
804
1019
1411
49
60
596
222
103
1120
1244
393
979
154
239
787
1306
395
1181
915
1791
612
280
673
786
1657
940
1622
1783
838
202
1210
760
1693
1009
1457
1520
1544
1312
742
844
403
1309
60
514
129
431
1793
1061
1933
890
566
1489
1698
1986
444
1362
1885
820
1765
1915
1107
1550
752
1735
51
1122
1827
832
1918
1277
683
260
1514
708
1245
198
1608
194
939
1783
95
1562
790
1576
543
682
846
29
1869
1211
1051
291
276
1606
470
1307
625
1505
1125
1367
373
262
70
906
1925
405
292
1184
1133
1990
106
192
1264
1933
358
1830
873
1957
678
1973
1828
633
578
363
1130
772
1232
1450
373
707
1646
1754
1282
583
432
1297
101
1628
693
53
331
518
1875
285
1361
1828
1951
671
341
1492
478
813
1792
100
1951
1971
152
1053
855
1154
1651
754
1838
727
593
1591
654
1911
1071
484
1270
1285
1344
1896
1426
989
1671
1957
1641
426
779
982
362
1829
260
947
477
57
566
965
1996
1042
1805
1896
378
560
1787
602
1250
896
331
890
1179
989
1908
19
1434
900
1851
1231
678
680
964
18
2000
2000
1999
1999
1999
1998
1997
1996
1996
1996
1996
1994
1992
1992
1992
1991
1989
1988
1988
1987
1987
1985
1985
1985
1985
1985
1985
1985
1984
1984
1983
1983
1983
1982
1982
1981
1981
1980
1979
1979
1979
1979
1978
1978
1977
1977
1977
1976
1976
1976
1976
1975
1974
1974
1974
1973
1973
1972
1972
1970
1969
1968
1968
1968
1967
1966
1966
1965
1965
1965
1964
1964
1963
1963
1963
1963
1963
1962
1960
1960
1959
1957
1955
1955
1954
1954
1952
1951
1950
1950
1950
1950
1949
1948
1948
1947
1947
1947
1945
1943
1942
1939
1938
1937
1937
1934
1933
1933
1933
1932
1932
1932
1931
1931
1931
1931
1930
1930
1929
1927
1925
1924
1924
1923
1922
1922
1920
1920
1919
1918
1918
1917
1917
1916
1915
1915
1913
1913
1912
1912
1912
1911
1910
1910
1910
1909
1908
1908
1907
1906
1906
1906
1905
1905
1903
1903
1903
1903
1902
1900
1900
1898
1898
1898
1898
1897
1897
1897
1896
1896
1895
1895
1894
1893
1892
1891
1890
1889
1889
1889
1888
1888
1887
1887
1887
1886
1885
1885
1884
1884
1884
1883
1879
1879
1879
1878
1877
1876
1876
1875
1874
1874
1873
1872
1870
1869
1868
1868
1868
1868
1867
1867
1867
1866
1865
1865
1865
1864
1862
1861
1861
1859
1859
1857
1857
1856
1855
1855
1854
1854
1853
1852
1852
1852
1852
1850
1850
1849
1849
1849
1847
1846
1846
1845
1844
1841
1841
1841
1840
1840
1839
1836
1836
1836
1834
1834
1833
1831
1829
1829
1828
1828
1827
1825
1824
1824
1824
1824
1823
1823
1822
1821
1821
1821
1820
1820
1818
1818
1818
1816
1816
1815
1814
1814
1813
1813
1813
1813
1812
1811
1811
1811
1811
1810
1809
1809
1809
1809
1809
1809
1808
1808
1808
1806
1806
1805
1805
1804
1804
1803
1802
1802
1801
1801
1800
1800
1799
1799
1799
1799
1799
1798
1796
1795
1795
1794
1793
1793
1792
1791
1791
1790
1790
1790
1787
1787
1787
1785
1784
1782
1781
1779
1779
1778
1777
1776
1776
1774
1773
1772
1772
1771
1771
1770
1770
1770
1769
1768
1767
1766
1765
1765
1765
1764
1764
1764
1763
1763
1762
1762
1762
1762
1762
1761
1761
1760
1760
1759
1758
1757
1755
1754
1754
1753
1750
1749
1749
1747
1746
1746
1746
1743
1742
1742
1741
1741
1740
1739
1739
1738
1737
1736
1735
1733
1732
1732
1731
1731
1729
1729
1728
1728
1727
1726
1726
1724
1724
1724
1723
1723
1722
1722
1722
1722
1722
1721
1721
1721
1720
1719
1719
1719
1718
1718
1717
1717
1716
1713
1711
1710
1709
1708
1707
1706
1705
1704
1704
1702
1702
1702
1701
1701
1701
1701
1700
1700
1700
1699
1699
1698
1698
1697
1696
1695
1692
1692
1691
1690
1689
1689
1688
1688
1688
1688
1687
1687
1687
1686
1686
1686
1685
1685
1684
1684
1684
1683
1683
1683
1683
1682
1681
1681
1680
1679
1679
1679
1677
1676
1676
1676
1674
1674
1673
1672
1671
1671
1670
1670
1669
1669
1665
1665
1665
1664
1664
1663
1662
1661
1660
1660
1658
1657
1657
1657
1656
1656
1656
1655
1654
1654
1654
1653
1653
1653
1652
1651
1650
1650
1649
1649
1649
1648
1648
1646
1646
1646
1645
1645
1645
1645
1644
1643
1642
1642
1640
1640
1639
1638
1638
1637
1636
1635
1635
1633
1631
1631
1631
1631
1630
1628
1627
1627
1627
1626
1626
1626
1626
1625
1624
1623
1623
1623
1623
1622
1622
1622
1621
1620
1620
1620
1619
1618
1618
1616
1615
1615
1615
1612
1612
1612
1611
1611
1611
1611
1610
1609
1609
1608
1607
1606
1606
1605
1603
1602
1601
1601
1600
1599
1598
1596
1595
1594
1592
1592
1592
1591
1590
1590
1590
1590
1590
1590
1589
1587
1587
1587
1586
1586
1585
1585
1584
1584
1583
1583
1582
1581
1581
1580
1579
1579
1579
1578
1577
1577
1577
1576
1576
1574
1573
1573
1572
1571
1571
1571
1571
1571
1568
1567
1567
1567
1566
1565
1564
1563
1562
1560
1560
1559
1556
1556
1555
1554
1553
1553
1553
1552
1551
1551
1551
1551
1549
1549
1548
1548
1548
1547
1547
1546
1546
1543
1542
1541
1541
1541
1540
1540
1538
1538
1537
1537
1537
1534
1531
1530
1530
1530
1529
1528
1527
1527
1527
1525
1524
1523
1523
1523
1523
1522
1521
1520
1520
1520
1519
1519
1518
1517
1516
1516
1515
1514
1514
1513
1513
1512
1511
1511
1510
1508
1508
1506
1506
1506
1505
1505
1504
1503
1502
1502
1502
1502
1502
1499
1499
1498
1497
1497
1496
1496
1496
1494
1493
1493
1491
1490
1490
1488
1488
1488
1486
1484
1484
1484
1483
1483
1483
1482
1480
1479
1476
1476
1475
1475
1474
1474
1473
1473
1472
1472
1471
1471
1470
1469
1468
1468
1466
1466
1466
1466
1465
1464
1464
1462
1462
1461
1460
1459
1459
1458
1458
1458
1457
1455
1453
1452
1451
1450
1449
1449
1449
1449
1449
1448
1447
1446
1446
1445
1445
1444
1444
1444
1443
1443
1443
1442
1441
1441
1440
1440
1440
1440
1440
1440
1439
1438
1435
1434
1433
1433
1431
1431
1430
1429
1428
1428
1428
1427
1427
1427
1427
1426
1426
1424
1424
1424
1423
1422
1422
1420
1420
1418
1418
1417
1417
1413
1412
1412
1412
1412
1412
1411
1411
1410
1410
1410
1410
1409
1409
1407
1406
1405
1404
1404
1403
1403
1403
1403
1402
1402
1400
1399
1397
1397
1397
1396
1396
1395
1394
1394
1393
1393
1393
1392
1391
1390
1389
1388
1388
1388
1388
1388
1387
1386
1385
1385
1384
1384
1384
1383
1382
1380
1379
1379
1378
1378
1378
1377
1377
1376
1376
1373
1373
1373
1372
1372
1372
1371
1370
1369
1369
1367
1366
1366
1366
1366
1364
1363
1361
1360
1360
1359
1358
1357
1356
1355
1354
1354
1353
1352
1349
1348
1346
1346
1344
1343
1342
1341
1341
1341
1341
1340
1340
1339
1339
1338
1337
1334
1333
1333
1333
1333
1332
1332
1332
1332
1330
1330
1329
1329
1329
1328
1328
1326
1326
1324
1324
1323
1323
1320
1319
1318
1318
1317
1317
1317
1317
1315
1313
1313
1313
1312
1312
1312
1311
1311
1310
1310
1309
1309
1308
1308
1307
1307
1307
1307
1306
1305
1304
1303
1303
1302
1301
1300
1300
1299
1299
1299
1295
1295
1294
1293
1292
1292
1292
1288
1288
1286
1286
1285
1285
1283
1279
1279
1278
1277
1277
1277
1275
1274
1274
1274
1274
1273
1273
1270
1270
1270
1269
1269
1269
1267
1266
1266
1266
1265
1264
1264
1263
1263
1262
1261
1261
1260
1260
1259
1259
1258
1257
1257
1256
1256
1256
1256
1256
1256
1256
1255
1254
1253
1250
1250
1250
1250
1249
1249
1249
1249
1249
1249
1249
1248
1248
1247
1246
1246
1244
1241
1241
1240
1240
1239
1239
1237
1237
1235
1234
1233
1233
1233
1231
1229
1229
1228
1228
1226
1226
1226
1225
1225
1225
1224
1224
1224
1223
1223
1222
1222
1221
1220
1220
1220
1219
1219
1217
1217
1216
1216
1215
1215
1214
1214
1213
1213
1213
1212
1211
1211
1210
1209
1208
1207
1207
1206
1206
1204
1203
1203
1202
1202
1202
1202
1201
1201
1201
1199
1199
1198
1198
1198
1197
1197
1196
1194
1194
1194
1193
1193
1193
1193
1193
1192
1191
1191
1191
1190
1189
1187
1186
1186
1186
1186
1185
1184
1184
1183
1181
1181
1181
1180
1179
1179
1179
1178
1178
1178
1177
1177
1177
1176
1176
1175
1174
1174
1173
1173
1173
1172
1172
1170
1169
1168
1168
1168
1166
1165
1164
1164
1163
1162
1161
1161
1161
1160
1159
1159
1159
1157
1155
1154
1154
1154
1154
1154
1154
1154
1153
1153
1153
1152
1152
1151
1150
1149
1148
1146
1145
1144
1143
1143
1142
1142
1142
1141
1141
1141
1141
1140
1139
1139
1138
1138
1137
1137
1135
1134
1132
1132
1131
1131
1131
1131
1128
1127
1127
1127
1126
1124
1124
1124
1123
1123
1122
1121
1121
1120
1120
1119
1119
1118
1117
1117
1115
1115
1113
1112
1112
1111
1111
1111
1111
1109
1108
1108
1107
1107
1106
1104
1103
1101
1101
1100
1100
1099
1095
1093
1093
1090
1090
1089
1089
1089
1088
1088
1088
1088
1087
1087
1087
1086
1086
1083
1083
1082
1082
1082
1081
1080
1080
1079
1078
1077
1076
1076
1075
1075
1074
1074
1073
1073
1073
1073
1073
1073
1073
1072
1072
1071
1068
1067
1065
1063
1062
1061
1060
1059
1059
1059
1058
1058
1058
1058
1057
1057
1056
1056
1055
1053
1052
1052
1052
1051
1050
1049
1049
1049
1047
1047
1047
1046
1045
1045
1044
1044
1044
1044
1042
1042
1042
1040
1040
1040
1039
1038
1038
1037
1037
1037
1035
1034
1034
1034
1031
1031
1031
1031
1031
1030
1029
1028
1027
1026
1026
1025
1024
1024
1023
1022
1021
1021
1021
1020
1020
1019
1019
1019
1018
1018
1018
1015
1014
1014
1014
1013
1013
1012
1012
1011
1011
1011
1010
1010
1008
1008
1007
1006
1006
1006
1005
1005
1004
1003
1002
1002
1002
1000
999
999
997
996
996
995
995
994
992
991
988
988
987
987
987
986
985
983
983
982
982
981
978
978
978
977
976
976
975
974
974
973
973
972
972
972
971
969
969
969
967
966
966
965
964
964
964
962
961
961
959
959
958
956
956
956
955
954
954
954
953
953
952
952
950
950
949
949
948
948
948
948
947
946
945
944
943
943
943
943
942
942
940
939
938
938
938
936
936
935
934
934
932
932
930
929
929
929
927
927
926
926
925
925
924
924
924
923
923
921
921
920
920
920
919
919
918
916
916
916
916
915
915
915
914
913
910
910
909
909
909
907
907
906
906
906
906
906
903
903
902
902
902
901
901
901
901
900
898
898
898
897
897
895
895
894
892
891
891
890
890
888
888
887
886
886
886
885
885
884
883
882
882
881
881
881
880
878
878
878
876
876
875
874
873
873
872
872
872
872
871
869
868
867
866
866
866
866
865
864
863
862
862
861
861
861
860
859
859
858
858
858
857
857
856
856
856
854
854
853
853
852
849
848
848
847
847
846
846
845
844
844
844
843
842
842
841
841
841
840
839
838
837
836
836
836
836
835
835
834
834
834
833
833
833
832
831
830
829
828
827
827
827
826
825
824
824
822
820
820
820
820
817
817
815
814
813
813
812
812
811
811
811
810
810
810
810
809
809
808
808
808
808
808
808
807
806
805
804
804
803
803
802
802
802
801
800
798
798
797
797
797
795
794
794
794
793
791
790
789
789
788
787
786
786
786
785
784
784
783
782
782
781
781
779
779
778
778
777
777
777
776
776
775
774
772
772
771
770
770
769
769
769
769
768
767
767
766
765
764
764
763
763
762
761
761
760
759
759
758
758
758
757
757
757
757
757
756
755
754
754
754
753
753
753
753
752
751
751
750
749
747
747
746
745
744
744
743
743
742
742
741
740
739
739
739
737
737
736
735
735
734
734
734
733
733
733
733
731
731
731
730
730
730
729
729
729
728
728
726
725
725
724
722
721
721
721
721
719
719
719
718
718
717
716
715
715
715
714
711
711
710
709
709
708
707
707
707
706
705
705
705
705
703
700
699
698
698
697
697
697
696
696
696
695
695
695
693
692
690
690
689
689
688
687
686
684
684
684
683
681
680
679
679
679
678
678
677
675
675
673
672
671
670
670
669
669
668
668
668
666
666
666
666
665
664
661
658
657
657
657
655
654
654
654
654
653
651
651
648
646
646
645
644
644
644
643
641
641
641
640
639
639
638
638
638
637
636
635
635
635
634
633
633
631
631
630
629
626
626
625
625
625
624
624
623
623
621
620
619
619
618
616
614
614
613
613
612
612
612
611
609
609
607
606
605
605
602
602
602
601
599
599
598
598
597
597
596
596
595
595
593
592
590
589
586
584
584
583
583
580
580
579
579
577
577
577
577
577
577
575
575
574
574
573
573
573
572
572
571
571
571
571
570
570
570
569
568
568
566
565
564
563
560
560
559
559
559
558
558
557
556
556
554
554
554
553
553
553
552
552
552
552
552
551
550
550
550
548
548
548
548
547
547
546
543
543
543
542
542
541
538
537
536
535
534
533
533
533
531
531
529
527
527
527
526
526
525
523
523
522
521
521
520
520
518
517
517
517
517
516
516
514
514
512
512
511
511
511
510
509
507
506
505
504
504
504
501
500
500
498
496
495
494
494
491
489
489
489
489
488
488
488
488
487
485
483
482
482
481
481
480
480
480
479
479
479
477
477
476
475
474
474
474
473
473
471
470
469
467
467
467
467
466
466
464
464
464
463
463
462
461
460
459
459
457
457
456
456
456
455
453
452
452
451
451
451
451
450
449
449
449
448
448
447
446
445
444
442
442
441
441
441
440
439
439
438
436
436
436
436
434
434
434
433
433
433
429
428
428
428
426
424
424
424
422
422
422
422
422
421
421
421
421
420
419
419
419
417
416
416
415
415
415
414
414
413
410
410
409
409
408
408
407
407
407
406
405
404
404
403
401
400
400
400
399
399
399
399
398
398
397
397
394
394
394
391
390
389
388
388
387
386
386
386
385
385
384
384
383
381
380
379
378
378
378
375
374
374
373
372
372
371
371
370
369
368
366
366
365
362
362
361
361
361
361
360
358
358
358
358
358
358
357
357
357
357
356
356
354
354
354
353
351
350
350
350
349
348
347
347
347
346
346
346
345
344
344
344
342
342
341
341
341
340
339
338
337
337
337
335
335
334
333
331
331
331
331
331
330
330
329
329
329
328
327
327
326
325
324
323
322
322
321
319
317
317
317
316
315
315
315
313
313
312
311
310
309
309
308
308
308
307
305
304
304
304
304
304
303
303
302
302
302
300
300
300
300
300
299
298
296
292
292
290
290
290
290
290
290
289
289
287
287
287
286
286
285
285
285
284
283
283
282
281
281
279
278
278
277
277
277
277
276
276
275
274
271
271
270
270
269
269
269
267
267
267
267
265
265
264
263
263
262
261
261
261
260
259
259
259
258
258
258
257
256
256
256
255
255
255
254
254
252
251
251
251
251
248
248
247
246
246
246
245
244
243
241
241
241
240
239
237
236
236
234
234
234
233
231
230
228
228
228
228
228
228
227
227
227
226
226
225
225
225
223
222
222
221
220
218
218
217
216
215
214
213
213
211
211
211
211
210
209
208
206
205
205
205
204
200
199
199
199
198
198
197
196
196
194
193
193
193
193
192
191
190
187
186
186
186
184
184
184
183
182
182
181
181
181
180
178
177
177
176
175
175
175
174
173
172
172
172
172
172
171
171
171
171
171
171
170
170
170
169
169
168
168
167
165
164
163
163
163
163
162
162
162
161
160
159
159
159
157
156
156
155
154
154
154
153
153
152
151
151
149
149
148
147
147
145
145
144
144
144
141
140
139
138
137
136
136
136
136
135
135
134
132
132
131
131
129
129
128
127
127
127
125
124
123
122
122
122
121
120
120
120
120
120
119
119
119
119
118
118
118
118
118
118
117
117
116
116
116
116
115
114
114
113
110
110
110
110
109
107
106
106
105
104
103
102
102
101
101
100
99
99
97
97
96
95
95
95
95
95
93
92
92
91
90
90
90
89
88
88
87
87
87
86
86
85
85
84
84
84
83
83
83
80
79
79
77
77
76
76
72
72
72
71
71
71
70
69
68
65
64
64
63
63
62
62
61
60
58
58
58
57
56
56
56
55
55
54
54
54
53
52
52
51
51
50
49
48
47
46
46
45
45
45
45
45
44
43
42
42
42
41
41
40
40
39
39
38
38
38
36
36
34
34
32
32
31
30
29
26
26
26
26
25
25
24
24
24
24
24
23
23
22
21
21
20
20
19
18
18
18
18
18
17
16
16
15
13
12
12
9
9
7
6
6
4
3
2
2
2
1
