4000
1897
53
454
54
1656
422
1149
1876
1234
593
1052
1896
912
1804
1286
39
1060
1024
1342
1914
1604
286
1478
751
665
1917
250
283
258
822
489
847
1602
848
1531
754
1632
1676
74
1553
1064
1975
1914
685
1246
625
1258
1229
830
773
428
1377
655
397
514
1521
1117
611
623
72
989
619
635
612
1686
359
1958
1455
1909
324
1722
401
438
105
1050
1313
1497
1257
163
643
764
354
301
1532
96
1290
924
242
852
1822
827
77
1832
943
604
684
66
561
440
577
1838
1807
1564
366
241
510
315
93
1511
953
935
652
1023
930
1029
1007
1633
919
170
70
314
708
180
885
144
1341
1723
767
1292
679
1825
1987
1094
532
879
979
548
843
1827
850
86
1951
48
592
1591
1413
574
711
52
752
89
343
1105
834
530
1289
1265
621
59
1923
1558
527
976
1496
267
525
1163
1121
1789
1827
1474
162
397
383
1666
1025
1592
397
1932
14
1111
564
303
489
89
825
1840
1466
1013
124
307
1553
40
1968
1568
186
1144
1613
327
1059
1634
1155
1932
1896
817
228
789
597
71
147
1490
248
1300
1533
1892
363
1446
750
1241
642
853
1954
1325
624
1483
1863
1558
81
1163
219
1307
1432
122
1533
1751
510
1416
1976
1735
299
1658
1003
829
333
1458
1391
1636
364
1137
568
1515
312
845
800
1697
1014
326
62
676
1742
407
1724
315
1850
1582
250
1835
11
730
1886
746
374
1361
23
1790
1517
84
581
996
219
1394
663
483
30
89
1223
1693
1303
878
494
1724
1573
395
453
583
1234
1884
1798
111
1148
1901
1173
902
1891
1662
1010
1373
363
700
563
710
1990
1829
1294
1865
634
971
5
1844
473
757
1764
226
256
519
549
734
1012
517
1278
1823
1033
1624
279
860
856
1745
1547
1547
621
185
1508
818
284
51
635
696
83
1305
554
403
737
1071
344
505
431
137
1326
922
1328
423
1971
331
1853
413
186
861
1886
769
886
1092
1387
1155
425
537
317
1934
81
1440
945
978
468
141
1932
788
1540
18
1529
1061
550
562
1183
1493
879
1250
474
33
1481
1291
1500
1991
1664
1998
917
618
1479
1274
413
768
171
755
1878
72
1432
1421
1268
285
1476
469
57
1479
285
1731
1468
433
1959
596
977
1883
1630
1721
588
1226
117
192
878
1952
403
11
184
716
363
402
268
981
1792
8
354
1707
624
1416
700
1398
580
24
895
426
214
1396
842
1427
1003
1280
1185
1561
1591
331
1740
354
128
453
1494
346
709
1376
849
1132
1958
361
709
634
152
1552
1544
285
400
756
1659
1584
1552
522
723
1655
221
1357
1950
1376
433
1369
607
1350
139
1664
1472
1632
1314
1747
499
1008
1781
106
296
1413
1958
1426
1665
351
24
1206
552
1522
422
1474
1515
1502
971
1480
1097
1525
865
518
155
1677
523
359
971
1771
1641
1752
565
998
1050
1957
1670
1297
1607
1815
1558
217
56
81
1139
611
1863
1165
680
970
783
158
1970
411
943
49
1093
409
1527
903
1476
579
441
1541
1107
1640
1492
1754
1207
1205
195
370
1497
1888
1939
67
907
886
372
554
306
199
572
1601
1439
1771
1410
1649
445
1098
188
1576
1302
1782
1800
1809
110
192
379
1318
928
147
1937
1939
1300
1831
593
1019
1603
1295
777
32
151
1776
1643
1593
1007
1499
482
1524
1980
1658
1489
1825
369
1451
1538
1775
1873
436
1900
331
1259
1469
545
1957
986
510
666
1835
393
498
1992
1825
1967
308
438
2000
1434
1722
1100
1129
774
1985
14
1903
947
435
1173
1386
320
350
154
26
783
1858
379
641
1140
244
46
1762
402
1962
1550
1015
1727
1202
1920
1797
82
1222
128
924
1574
1971
1812
1272
1648
1171
778
1250
1738
878
303
133
1161
1419
963
1568
1711
647
201
115
1562
1206
1345
1285
1392
584
824
1988
632
1869
971
292
1375
353
746
1079
363
673
1005
1377
158
1039
1562
598
1874
1672
750
340
1056
1623
1208
1179
1398
1987
1570
1860
376
74
658
713
888
690
1490
1984
538
336
208
1025
1971
949
1189
1016
969
59
1122
975
1476
1073
1988
1407
1659
148
917
511
1902
125
1588
452
1848
662
823
895
1556
1676
1898
679
1169
1520
256
899
641
1578
537
699
1426
1168
1608
1362
1979
865
1893
1932
822
1850
1268
506
1041
1182
1026
342
725
795
1766
1470
295
1963
844
391
1994
1215
77
1216
924
1716
919
1181
1425
228
1317
1455
866
133
537
1961
268
1959
1562
1267
696
1334
1502
1505
1872
2
978
982
200
163
1597
743
213
1731
1624
1996
1388
62
1399
1172
716
526
1452
1281
582
1368
314
360
1290
1266
1543
667
1402
814
96
1896
749
1395
230
599
1503
1810
147
705
880
1793
1718
1419
88
387
1799
891
100
1753
1272
1659
1357
145
984
1943
345
1864
105
1583
1186
868
620
353
269
94
1390
1321
216
12
76
1596
499
927
330
150
1286
1220
804
957
1214
869
1182
1103
1276
1566
163
1746
621
1297
1152
359
35
1357
792
1725
1851
544
163
415
1956
1304
1480
1793
1710
1624
1818
1831
461
887
1841
1197
1237
1486
445
1665
82
443
30
1384
397
1344
1354
1527
1412
745
1073
1656
1932
1084
883
1139
1789
765
1513
47
185
1070
16
1701
1354
22
1096
1161
1978
880
362
1588
1714
1698
187
345
1691
1893
1502
1451
329
1271
1805
1090
334
1057
1206
442
1563
1120
1707
595
611
1517
1022
1311
1175
1022
1225
139
491
1664
930
553
1919
1243
1580
1431
1784
321
922
220
1881
1179
1630
675
1444
395
1238
1059
438
1437
1346
73
1863
1929
1887
455
469
693
1950
770
78
1988
966
718
430
866
1504
301
915
568
278
1626
323
1383
47
87
1211
1364
1567
1158
1122
1924
340
320
785
1649
1936
1273
280
1494
379
61
1645
835
156
1194
539
1157
1973
1332
1562
446
346
442
632
1277
1722
901
1420
1654
94
72
1983
393
238
1555
1779
922
1557
1289
944
432
1726
374
1480
1447
423
1182
180
745
586
918
1656
763
611
1747
1683
490
1461
697
493
428
1723
237
1125
1162
1952
1454
1811
757
1493
358
602
1703
1784
456
509
360
1812
1243
688
95
1635
1163
481
1233
79
681
1034
758
1707
381
1451
799
1515
967
219
966
1843
1695
1360
611
1557
377
1654
1335
1977
971
1643
1181
771
1629
881
898
513
476
403
784
1215
33
1591
1646
1113
1086
1627
65
1867
851
1991
990
515
751
1768
384
1986
477
333
306
1234
93
235
164
191
1923
464
209
441
1043
1003
365
148
1794
1136
949
1353
676
281
1568
1277
61
1607
20
466
1285
51
1049
250
271
561
928
706
289
124
1088
690
512
1519
1644
1979
1839
1287
46
1376
812
31
1411
687
1696
68
243
123
1443
1827
109
626
196
925
192
1263
1728
412
1438
1531
1100
586
306
1231
48
1438
1970
417
1415
38
449
451
1377
1304
114
174
601
1907
1869
1809
1631
1737
1167
824
1134
280
524
1776
138
667
5
506
587
1808
144
1514
622
118
1763
1135
1480
1122
720
159
1809
1317
1509
1007
952
1477
1527
1406
1527
310
1980
1432
515
1609
1193
1916
61
1319
1423
1960
512
927
822
1012
1343
875
1668
428
1051
72
1285
523
445
1875
1831
1648
548
991
1483
154
501
1682
1187
476
1100
863
1677
706
1841
64
842
699
868
422
52
1266
838
1923
1440
1071
251
292
163
84
350
1997
1110
1311
823
1193
1065
1896
1048
326
959
281
750
1796
963
228
863
711
1196
623
1269
1700
409
956
1840
779
1013
1311
775
1442
1456
1073
1559
1577
1935
633
675
1270
1404
652
1651
1196
102
55
949
1210
1603
620
1374
1126
356
1764
486
434
1106
323
369
1013
1731
864
523
1758
645
1842
1061
370
1775
809
1144
301
1396
1940
1919
937
56
321
1273
1172
1837
528
605
430
263
422
75
1220
682
1887
1518
170
1554
1651
1486
916
7
693
1623
995
1194
540
1432
26
552
1137
1485
1675
38
1297
1295
1968
396
1919
1427
1428
762
1085
709
437
760
1256
1095
351
754
725
1171
608
1602
340
1356
1389
1335
677
1354
950
1702
1501
764
1761
1352
128
1638
890
750
1090
1438
954
1212
599
1540
1769
598
691
1358
1442
1879
1821
586
1577
919
1051
1258
1276
1107
521
939
909
1625
324
920
1185
367
53
114
1713
1241
371
788
273
1512
1177
1725
1339
210
866
208
536
576
1748
1646
1093
249
603
640
676
438
1443
1830
1925
626
1973
1225
49
1245
1810
170
116
492
1810
1849
407
269
1568
20
908
1894
971
1342
86
146
694
1233
815
256
1979
174
769
1888
398
887
1604
810
883
38
1476
1188
1641
108
801
1603
10
508
692
736
1279
1568
222
73
357
504
1755
1680
763
1691
629
1939
1117
1020
1081
954
229
590
90
317
929
386
1721
1334
1274
403
931
1949
1987
1828
443
592
1234
672
864
179
1215
1192
1714
50
1648
1052
1332
1204
229
822
1058
1766
147
1877
1061
1222
21
1539
1151
1069
189
203
1817
1834
1074
361
1714
997
805
1385
159
1797
1879
1403
465
368
84
564
583
163
982
934
1626
201
1748
955
761
547
138
1441
57
1066
685
750
203
533
88
508
1294
854
1501
210
1798
1626
1787
862
739
1686
1647
4
1467
637
925
668
1160
1854
228
1444
1027
1835
772
1419
1311
950
1887
1352
1583
1913
1857
723
452
805
805
1494
1059
421
25
1504
1888
1777
1465
872
729
1458
1692
493
168
289
1610
403
1877
1271
1899
1888
1842
626
534
1325
1139
1099
177
568
1349
670
153
82
994
1856
384
1856
1518
1748
1416
1686
1971
1932
212
164
1109
1851
1206
1460
70
49
1483
66
1764
821
181
707
199
1236
390
702
1945
296
1047
937
1374
1285
411
825
1304
1365
1024
784
246
68
1148
998
1240
1443
1306
1141
1064
1429
1481
869
1048
730
1754
1468
1730
461
48
359
864
698
1581
1022
1310
914
398
1359
620
289
495
645
1119
1532
334
1323
540
359
830
1748
6
364
1360
1347
607
494
1027
1804
1804
103
575
291
117
1814
195
73
1386
1547
1502
1197
715
1903
1758
1556
1239
722
1041
1739
1258
725
1181
866
1505
1121
1603
730
1326
584
1171
1031
383
215
1167
1592
1484
1802
76
1210
1823
689
130
1180
75
1403
1087
832
706
823
1649
1947
1064
1728
1053
1958
384
845
284
1439
1223
1030
1060
1706
760
278
1474
171
40
27
919
1612
1603
1451
1853
1307
130
1620
1004
825
733
1815
1962
790
1099
1483
1271
529
11
459
814
294
870
595
528
283
1367
1923
1431
290
89
1694
420
1906
1574
1504
1875
1112
1760
35
1694
848
1865
1450
1375
1737
1929
1442
1553
358
1920
814
1465
1022
1322
784
311
1280
1273
645
233
1873
1330
1072
395
1978
740
1787
834
444
1517
190
610
799
822
632
107
772
1211
455
576
165
575
131
1839
760
1983
1282
849
764
1501
936
1238
1585
1232
944
511
385
1296
1476
831
822
621
1007
1159
1202
1976
1873
1909
351
610
297
739
552
534
1433
130
316
1606
1392
1510
875
465
522
1451
81
1290
1959
929
407
126
1671
1775
1102
1319
873
1999
1709
1770
1946
1609
201
294
1607
1229
11
1158
1904
375
1217
1206
964
1984
543
450
1652
1619
374
1433
1984
692
933
1288
605
1662
160
98
1993
19
31
1483
1090
350
1497
1778
1155
324
1893
1305
1719
666
1733
1295
1074
424
577
1880
1881
965
918
1856
1243
1749
1900
98
1485
838
416
1638
297
1962
1493
339
703
1874
54
556
1743
424
1400
348
142
934
1201
540
1326
1391
1506
271
899
1939
832
1883
324
866
195
954
1883
112
1708
1498
20
470
435
1884
828
995
220
644
158
1430
1602
817
1695
41
1527
1968
560
1434
443
640
1018
152
592
991
1122
1412
1323
262
816
786
985
896
247
1187
363
1269
1772
120
688
1314
1682
805
1796
58
681
379
424
848
1397
1139
1399
51
1990
1528
1371
541
909
1116
1985
754
1803
397
1085
1966
1578
1078
1296
1362
1717
669
541
1956
98
1246
1387
1246
1654
1656
138
598
226
815
782
431
1289
734
1919
371
1674
1180
1853
339
1619
504
1830
1148
247
180
1228
143
251
348
1880
1874
1674
405
1258
1039
75
1406
822
152
308
767
1941
1119
367
1747
1417
691
327
319
705
1609
1530
520
763
598
1435
1938
376
52
756
680
562
654
1342
1809
525
948
1631
164
1775
364
384
71
1229
1171
799
1348
1630
1682
1296
1217
1689
954
296
758
225
556
1186
53
1050
466
1034
472
1955
1474
1104
1040
1311
1670
685
804
1647
754
861
1258
1319
229
71
845
1202
25
1535
1296
709
1374
1445
1930
295
1861
97
188
1521
1026
1775
1723
760
1977
1290
313
1286
831
672
545
1838
1907
1734
1630
714
1624
17
832
1568
420
1232
811
1933
1380
1986
1242
1673
129
1737
1059
928
1316
858
941
1194
1170
693
609
1596
95
1665
1175
217
1805
486
1316
1790
700
789
22
1329
1697
154
121
594
811
1763
1636
1994
1683
409
1729
1515
406
1203
1094
1144
1632
1668
1882
316
1674
1649
1595
1936
1966
1763
199
402
1460
1168
1517
832
296
578
52
1851
154
872
954
79
1246
141
1671
1381
1880
300
1448
1085
1627
1015
1664
1701
804
417
1210
1032
861
289
1319
1171
1771
1809
1621
784
1729
725
1455
1225
1680
1416
390
217
1165
347
1126
723
738
379
34
957
635
1738
209
1342
1225
1049
848
767
1093
1085
1319
845
1047
555
1089
620
570
478
504
1133
1440
1096
1649
1064
361
275
930
322
1727
1662
1663
807
1127
162
785
446
1531
1583
813
1091
1775
915
1059
938
668
331
95
1532
1882
376
1140
1838
59
1017
189
1454
193
237
171
1935
1852
1232
16
1634
190
45
1356
350
1257
398
24
1856
886
1001
1075
174
92
553
75
873
1699
208
1555
262
1900
306
743
299
1658
69
1250
1353
104
862
4
1108
1937
1678
429
274
1395
1237
1930
346
787
1314
296
1034
6
520
574
158
1430
366
1539
1256
990
246
914
68
745
539
596
1240
564
344
377
1823
1300
124
1036
1379
770
1027
251
336
286
1810
1170
240
1874
1318
62
1869
1894
1806
578
1243
437
234
1826
1582
1625
1937
1067
1362
338
1445
1106
1178
499
1200
701
386
1302
82
1420
1212
579
930
885
1722
1128
1167
1061
1513
584
1654
465
580
1261
13
98
1969
936
89
217
410
1936
1654
1206
1431
1896
35
1780
765
355
1212
1260
673
937
882
1266
1931
549
396
1800
1054
1650
210
1522
119
1456
1511
1010
1124
1424
270
350
368
859
790
1706
1822
544
1255
1232
1056
277
1539
987
1596
1800
998
19
915
47
151
424
193
99
1509
1388
1879
512
1738
1471
127
309
1201
178
1739
1830
1650
14
567
861
1506
1911
1428
275
1665
1832
1697
869
424
79
559
2000
1389
842
982
29
949
1814
476
1159
1520
1354
1567
1657
542
1874
1849
1484
739
153
1129
680
1145
556
97
911
526
1813
132
1618
1680
382
1839
1498
1420
841
505
1955
587
1023
857
1360
1987
45
1616
440
1351
1302
902
574
1718
180
1380
932
1379
760
940
1260
1998
70
1589
1500
18
1629
1617
804
1436
293
1376
511
351
391
742
1267
1604
1870
803
1735
144
1591
623
1122
373
1620
396
1463
1954
1420
744
1302
284
1929
1173
1636
1279
1277
285
1067
1208
1906
570
1553
1791
1131
1690
512
1893
942
1091
715
993
1776
1812
757
1977
633
21
766
565
294
243
917
1292
871
1041
509
449
507
99
144
678
533
1704
1958
1931
104
1679
870
94
1311
1932
1617
1469
1714
653
667
976
279
1272
1987
10
1243
1138
155
238
634
397
1789
1974
800
1065
727
289
963
596
867
299
1776
1334
1156
688
343
187
1928
1953
1960
1264
1260
1208
947
568
1160
726
1010
1035
1724
1794
284
1706
1995
1281
1493
12
1295
697
501
796
143
1714
1759
866
1838
944
1576
1830
108
97
1549
130
1839
1410
274
229
1003
1614
854
932
1584
1009
636
1167
693
1116
1076
268
1821
1295
733
1926
1237
184
1184
1494
1727
454
581
1287
515
525
50
720
381
1338
1117
376
299
1689
1442
724
797
820
1801
201
1403
1576
591
334
87
839
1788
1103
1306
1336
61
1682
1729
46
483
36
1348
1350
1933
1275
1651
1600
116
1044
1433
520
1122
1702
484
1055
829
874
406
909
1667
373
375
1405
258
976
264
98
215
380
662
1601
555
556
43
1754
963
656
27
1982
1008
1615
697
1312
925
688
161
1666
933
566
621
57
140
1626
1402
302
832
1671
1304
344
999
1625
681
1872
1012
113
1006
1977
1572
1667
25
1499
1944
1201
897
1219
983
1851
444
179
1086
324
1555
1668
461
1276
1827
1083
364
1232
624
425
1660
1068
830
413
1608
1467
1393
1968
432
1079
422
461
710
1857
1254
437
416
1479
1005
1683
1970
863
955
229
498
1137
499
924
1424
210
208
1119
1135
1863
14
1738
7
1553
1008
603
1268
1827
3
918
1649
1446
1562
1075
1047
684
736
502
794
868
1569
469
1744
1202
44
1607
126
1292
556
129
1752
691
1870
1603
844
1676
991
54
83
151
1077
1463
565
536
929
144
137
461
243
1967
177
620
1130
1755
833
820
1763
1827
1731
1223
924
392
1868
399
1692
1010
1787
732
1871
590
1395
1939
914
1109
1704
1185
619
53
1542
719
25
613
622
1523
934
1824
1510
1143
1259
264
1607
1961
1183
124
1621
1725
124
1949
1136
1561
1254
1421
1470
1731
1982
1903
1410
365
510
913
979
1116
365
1424
832
1309
1861
202
85
1313
384
1169
1079
1048
1383
1562
310
779
716
1860
1712
1553
1980
158
590
469
1448
1784
1118
1299
1648
78
109
1585
525
1198
6
1696
1969
797
1793
1815
1661
1624
895
1736
783
448
311
286
1744
356
387
1938
473
1731
994
633
226
1789
946
521
130
38
1740
611
670
1825
290
1689
1290
227
1839
381
694
630
1268
363
109
651
192
1459
1700
632
278
906
1203
160
1934
1530
1257
1580
1167
472
637
1597
1343
1621
1265
1516
460
947
83
1101
279
299
1511
904
1567
520
1560
471
56
579
1934
1803
353
591
420
709
1428
411
1571
1399
1595
524
452
488
1821
1301
778
389
562
453
1767
1905
216
133
1753
219
407
1537
1531
1980
1677
1591
343
1735
1036
1994
367
109
1670
1581
1443
1694
757
1609
1982
1426
202
912
1585
9
651
248
957
1604
471
412
1026
639
842
213
1576
1616
1073
1704
281
1233
39
1903
578
1572
1431
352
319
1312
53
746
1510
1418
1243
623
1794
888
1350
686
900
677
1225
1891
1738
62
1823
533
1133
1312
251
1796
1496
1326
1612
1431
932
535
501
1201
1911
1758
1759
1776
226
7
903
629
1083
614
96
1929
1715
95
1112
1866
349
1191
313
45
1668
1088
640
118
1748
500
256
1039
811
232
592
1208
192
298
1974
1403
243
1746
1433
778
1203
1930
1118
1772
1423
152
876
1640
603
485
735
579
1762
1065
1334
1012
557
1283
1350
607
1322
1036
1017
1858
1344
1154
971
1855
641
524
1866
565
1188
27
1045
206
880
1223
243
1606
473
1900
667
1222
625
1869
556
1071
1866
52
1921
644
942
877
1091
677
237
437
11
825
1558
379
762
1916
922
1584
1669
1332
292
724
1542
1033
1958
680
1516
1590
1422
1601
1450
1724
1215
1698
202
1064
718
579
822
332
500
924
693
215
408
1231
19
1031
1915
719
921
979
824
413
1438
1754
365
1491
161
930
1758
1523
1617
505
614
1282
1568
138
1342
1923
815
1235
1548
964
934
74
1187
1088
520
595
960
1531
500
1724
719
532
180
1751
1242
487
1726
281
1614
846
174
1614
1216
1230
1627
1022
1999
371
1462
1565
363
417
1003
994
1503
1557
46
926
64
294
226
1472
823
27
1156
1166
312
70
1441
411
1674
1510
1721
1882
1094
979
466
16
1420
235
1666
1555
401
1537
519
654
1042
227
94
1610
1158
1804
41
1441
868
754
1316
660
466
1779
381
649
1711
1618
1954
1892
1065
1301
1698
428
1824
758
1079
1459
1835
1863
517
1398
518
405
1319
348
861
665
115
1652
110
1946
956
1698
1739
432
1043
966
1748
863
1686
1060
1769
1091
1916
1381
1998
251
989
21
1056
1929
259
433
708
1641
1310
549
217
559
1424
564
792
1066
1268
1595
1967
1223
1541
442
1335
871
899
203
755
1343
1624
1571
1051
583
487
678
1463
1882
407
1729
620
775
797
617
255
1922
1724
1163
625
1737
1526
2
223
792
1645
590
1637
384
705
188
152
894
469
904
744
1617
3
1328
995
856
1595
1141
1254
693
1431
1620
1532
1170
345
1700
1777
412
425
1874
501
1236
549
1622
459
1379
469
1921
1489
664
818
741
290
1843
103
1365
1200
377
1011
1295
1586
1546
1505
858
1459
1700
712
662
1808
836
934
790
1364
1507
273
1934
1376
1860
1974
285
1567
1010
1725
1217
630
1336
1495
1331
1119
553
613
1884
1680
1302
1890
504
1992
126
46
1050
1850
1745
1821
1825
1359
1892
418
1507
1992
319
649
904
1528
901
1174
1137
1055
918
717
1092
904
212
946
393
467
1802
7
1095
955
972
671
629
100
868
338
1858
1771
1501
1566
1120
161
703
1999
1523
407
58
1553
254
493
1118
527
1481
471
954
1850
866
1460
1175
1508
765
342
991
690
1192
724
1862
1251
161
1533
434
1800
1433
1835
956
1263
1335
1430
857
523
95
1933
1999
1999
1999
1998
1997
1997
1997
1996
1995
1995
1993
1993
1993
1992
1991
1990
1987
1987
1987
1987
1985
1984
1984
1984
1984
1982
1982
1982
1981
1980
1980
1979
1979
1978
1977
1977
1976
1975
1975
1975
1973
1972
1971
1971
1970
1970
1970
1970
1969
1969
1969
1968
1968
1967
1967
1967
1966
1966
1966
1965
1964
1964
1964
1964
1964
1963
1961
1960
1960
1960
1959
1959
1958
1956
1956
1956
1956
1956
1955
1954
1954
1953
1952
1951
1950
1949
1948
1948
1948
1947
1946
1946
1945
1944
1944
1943
1942
1941
1941
1940
1940
1939
1939
1939
1939
1938
1938
1938
1937
1936
1936
1936
1936
1936
1935
1935
1935
1935
1934
1934
1934
1934
1933
1933
1933
1933
1932
1932
1932
1931
1929
1927
1927
1925
1925
1924
1924
1923
1923
1922
1922
1922
1922
1922
1922
1921
1921
1918
1918
1917
1916
1916
1916
1916
1915
1915
1915
1913
1912
1911
1911
1911
1910
1910
1909
1909
1909
1908
1908
1908
1908
1907
1907
1907
1906
1905
1905
1905
1904
1904
1904
1904
1903
1903
1902
1902
1901
1901
1899
1898
1898
1898
1898
1898
1898
1897
1897
1896
1896
1896
1896
1895
1894
1894
1893
1893
1892
1892
1892
1892
1891
1889
1888
1887
1887
1886
1885
1885
1885
1884
1884
1884
1884
1882
1882
1882
1882
1881
1881
1880
1880
1880
1879
1879
1879
1878
1878
1878
1877
1877
1876
1875
1874
1873
1872
1872
1872
1871
1871
1870
1870
1870
1869
1869
1869
1869
1868
1866
1865
1865
1865
1865
1864
1864
1862
1861
1861
1861
1860
1860
1860
1860
1859
1859
1857
1857
1856
1855
1855
1854
1854
1852
1852
1852
1851
1851
1851
1851
1851
1850
1849
1848
1847
1847
1847
1847
1846
1846
1846
1846
1846
1844
1844
1844
1843
1843
1842
1842
1842
1841
1841
1840
1840
1839
1839
1838
1838
1837
1836
1836
1835
1835
1835
1834
1834
1834
1834
1834
1833
1833
1833
1832
1832
1832
1832
1832
1831
1831
1831
1831
1831
1830
1830
1830
1830
1830
1829
1828
1828
1827
1826
1825
1825
1825
1824
1824
1824
1824
1823
1821
1820
1820
1820
1819
1818
1817
1816
1816
1816
1814
1814
1813
1812
1810
1808
1808
1808
1806
1804
1803
1802
1801
1801
1800
1799
1798
1797
1797
1795
1795
1795
1794
1794
1793
1792
1792
1792
1792
1791
1790
1790
1789
1786
1786
1785
1785
1785
1785
1784
1784
1784
1783
1783
1783
1783
1781
1781
1781
1780
1780
1780
1779
1779
1778
1777
1777
1777
1776
1776
1775
1775
1775
1774
1773
1773
1773
1772
1772
1772
1772
1772
1772
1771
1771
1770
1770
1770
1770
1770
1769
1769
1768
1767
1766
1766
1765
1764
1764
1763
1763
1763
1763
1762
1762
1762
1762
1762
1762
1762
1761
1761
1760
1760
1759
1759
1759
1759
1758
1758
1757
1757
1757
1756
1756
1755
1755
1755
1755
1754
1754
1754
1753
1753
1753
1753
1752
1751
1749
1748
1748
1747
1747
1746
1745
1745
1744
1744
1744
1744
1743
1742
1742
1742
1741
1741
1739
1739
1739
1738
1738
1737
1737
1736
1736
1736
1735
1735
1734
1734
1734
1734
1733
1733
1732
1731
1731
1730
1728
1728
1727
1726
1726
1726
1725
1725
1725
1725
1724
1724
1723
1723
1721
1721
1720
1720
1719
1719
1719
1718
1717
1717
1716
1716
1716
1715
1715
1715
1714
1714
1714
1714
1714
1713
1711
1711
1710
1710
1710
1709
1709
1709
1708
1708
1708
1707
1705
1703
1703
1703
1702
1702
1702
1702
1701
1701
1700
1700
1700
1699
1699
1698
1697
1697
1696
1696
1696
1696
1694
1694
1694
1693
1693
1693
1692
1692
1692
1691
1691
1689
1689
1689
1688
1688
1687
1687
1686
1686
1685
1685
1684
1684
1684
1682
1681
1681
1680
1680
1680
1680
1680
1680
1679
1678
1677
1677
1676
1676
1676
1675
1675
1675
1674
1673
1673
1673
1673
1673
1671
1671
1670
1669
1668
1666
1666
1665
1665
1665
1664
1663
1663
1663
1663
1662
1662
1662
1661
1658
1658
1658
1658
1658
1658
1657
1657
1657
1657
1656
1655
1655
1655
1654
1654
1654
1653
1653
1653
1653
1653
1652
1652
1652
1651
1650
1650
1649
1649
1648
1647
1646
1645
1644
1644
1644
1643
1641
1641
1641
1640
1638
1638
1638
1638
1637
1637
1636
1636
1636
1636
1636
1635
1635
1634
1634
1634
1632
1632
1631
1631
1630
1629
1629
1629
1629
1628
1627
1627
1626
1625
1625
1625
1624
1624
1624
1623
1623
1623
1622
1622
1622
1622
1621
1621
1621
1621
1620
1620
1619
1619
1618
1618
1618
1618
1617
1616
1615
1614
1614
1613
1613
1613
1612
1611
1611
1610
1610
1610
1610
1608
1607
1607
1605
1605
1605
1604
1603
1603
1603
1603
1602
1602
1602
1602
1601
1600
1600
1600
1598
1597
1597
1597
1596
1596
1596
1596
1595
1595
1595
1594
1594
1593
1593
1593
1592
1591
1591
1591
1591
1590
1589
1589
1588
1587
1587
1586
1586
1586
1584
1584
1584
1583
1583
1583
1583
1583
1580
1580
1580
1580
1580
1579
1579
1579
1578
1578
1578
1578
1577
1577
1576
1575
1575
1575
1575
1573
1573
1573
1572
1572
1572
1571
1571
1570
1569
1569
1568
1567
1567
1566
1565
1565
1564
1563
1563
1563
1561
1561
1561
1560
1559
1559
1559
1558
1558
1558
1557
1557
1556
1556
1556
1556
1551
1551
1550
1549
1548
1548
1547
1547
1547
1545
1545
1545
1544
1544
1543
1543
1542
1542
1541
1541
1540
1539
1539
1537
1537
1536
1536
1536
1535
1535
1534
1534
1534
1534
1533
1532
1532
1530
1530
1529
1528
1528
1528
1528
1528
1528
1527
1526
1526
1526
1525
1525
1524
1524
1524
1523
1523
1523
1522
1521
1521
1521
1520
1519
1518
1518
1516
1516
1514
1514
1514
1513
1512
1512
1512
1511
1511
1511
1510
1510
1509
1509
1508
1507
1507
1506
1506
1506
1505
1504
1504
1503
1503
1502
1502
1502
1502
1502
1501
1500
1500
1499
1499
1499
1499
1499
1497
1496
1494
1494
1494
1493
1493
1493
1492
1492
1492
1491
1491
1490
1489
1489
1489
1488
1488
1487
1487
1487
1487
1487
1486
1485
1484
1484
1484
1483
1483
1482
1482
1480
1480
1480
1478
1477
1477
1477
1476
1475
1475
1475
1474
1474
1473
1473
1473
1473
1472
1472
1472
1472
1471
1471
1470
1470
1470
1469
1469
1469
1468
1466
1466
1466
1465
1465
1465
1465
1464
1464
1463
1462
1462
1462
1462
1461
1461
1461
1461
1461
1460
1459
1459
1458
1458
1457
1456
1456
1455
1455
1454
1454
1454
1453
1453
1452
1449
1449
1449
1449
1449
1449
1448
1447
1446
1446
1445
1444
1444
1443
1443
1442
1442
1442
1441
1439
1439
1439
1439
1436
1435
1435
1434
1433
1432
1432
1431
1431
1431
1430
1430
1429
1429
1427
1427
1426
1425
1424
1423
1422
1422
1422
1422
1422
1421
1421
1420
1420
1419
1419
1418
1418
1418
1418
1416
1416
1414
1414
1413
1413
1412
1412
1412
1411
1411
1411
1411
1410
1410
1410
1407
1407
1406
1405
1404
1404
1403
1403
1402
1402
1401
1401
1400
1399
1398
1398
1398
1398
1397
1397
1397
1397
1394
1394
1394
1394
1393
1393
1393
1393
1393
1392
1391
1391
1391
1391
1389
1389
1387
1387
1387
1386
1386
1386
1386
1384
1384
1383
1381
1381
1381
1380
1380
1379
1379
1378
1378
1377
1376
1375
1375
1375
1374
1373
1373
1371
1371
1370
1370
1370
1369
1369
1368
1367
1367
1367
1367
1366
1366
1366
1365
1365
1365
1364
1364
1363
1363
1363
1363
1362
1362
1361
1360
1360
1359
1358
1357
1356
1356
1356
1356
1356
1355
1354
1354
1353
1353
1353
1353
1353
1353
1352
1351
1349
1349
1348
1348
1347
1346
1346
1345
1344
1344
1344
1343
1341
1341
1341
1340
1340
1339
1338
1338
1338
1337
1336
1334
1333
1333
1332
1332
1331
1331
1330
1330
1330
1330
1329
1328
1327
1327
1326
1326
1324
1324
1324
1323
1323
1323
1322
1321
1321
1321
1320
1320
1318
1318
1318
1318
1317
1317
1316
1316
1316
1315
1315
1313
1313
1313
1313
1313
1312
1311
1310
1310
1309
1307
1306
1305
1305
1304
1304
1304
1304
1303
1302
1302
1302
1301
1301
1301
1299
1299
1298
1298
1297
1297
1297
1297
1296
1296
1295
1293
1293
1292
1292
1291
1291
1290
1290
1290
1289
1289
1287
1287
1287
1287
1287
1286
1286
1285
1285
1284
1283
1282
1282
1281
1280
1279
1278
1278
1278
1277
1276
1275
1275
1275
1274
1274
1273
1272
1272
1272
1271
1271
1271
1270
1269
1269
1269
1269
1269
1268
1266
1266
1266
1265
1265
1264
1264
1264
1263
1263
1262
1262
1260
1260
1259
1259
1259
1259
1258
1258
1258
1257
1255
1255
1254
1254
1254
1253
1253
1253
1252
1252
1251
1250
1250
1249
1249
1249
1248
1248
1248
1248
1247
1247
1246
1246
1246
1246
1246
1245
1245
1244
1244
1243
1243
1243
1241
1241
1241
1241
1240
1240
1240
1239
1238
1237
1236
1236
1235
1235
1234
1233
1233
1232
1232
1232
1232
1231
1231
1231
1231
1230
1230
1229
1228
1226
1226
1225
1224
1224
1223
1222
1221
1220
1220
1220
1220
1219
1219
1217
1217
1216
1215
1215
1214
1214
1214
1213
1213
1213
1213
1212
1212
1212
1211
1211
1211
1211
1210
1209
1208
1207
1207
1205
1205
1205
1203
1203
1203
1202
1202
1201
1200
1200
1199
1199
1198
1198
1196
1196
1195
1195
1194
1192
1192
1191
1191
1190
1190
1190
1189
1189
1189
1189
1188
1188
1188
1187
1187
1186
1186
1186
1185
1185
1185
1184
1182
1182
1182
1181
1181
1180
1178
1178
1178
1178
1177
1177
1176
1176
1174
1173
1173
1171
1171
1171
1171
1170
1168
1167
1166
1166
1166
1165
1165
1164
1164
1163
1162
1162
1161
1161
1160
1160
1160
1159
1158
1158
1158
1156
1156
1156
1155
1154
1154
1154
1153
1152
1152
1151
1151
1150
1150
1149
1148
1148
1148
1147
1147
1147
1146
1145
1145
1144
1143
1142
1142
1142
1141
1141
1140
1140
1140
1140
1138
1138
1137
1137
1137
1136
1136
1136
1135
1135
1135
1135
1135
1134
1134
1134
1133
1132
1132
1131
1131
1131
1131
1130
1130
1128
1127
1126
1126
1125
1125
1125
1125
1125
1124
1124
1123
1123
1122
1120
1120
1120
1119
1119
1118
1118
1118
1117
1116
1114
1114
1113
1113
1112
1111
1110
1110
1110
1110
1110
1110
1109
1108
1108
1107
1107
1107
1107
1107
1107
1106
1106
1106
1104
1104
1103
1103
1103
1102
1101
1101
1101
1100
1100
1099
1097
1096
1096
1095
1094
1094
1093
1093
1091
1091
1090
1090
1089
1089
1088
1087
1087
1086
1086
1085
1084
1084
1084
1084
1084
1083
1083
1083
1083
1083
1082
1082
1081
1081
1080
1080
1080
1080
1079
1079
1078
1077
1077
1077
1076
1076
1075
1075
1074
1074
1074
1074
1074
1073
1072
1071
1070
1070
1069
1069
1069
1068
1068
1068
1068
1067
1067
1066
1065
1065
1065
1064
1064
1064
1064
1063
1062
1062
1062
1061
1061
1060
1060
1060
1059
1058
1058
1056
1056
1055
1055
1054
1054
1052
1052
1052
1052
1052
1051
1051
1050
1050
1050
1049
1049
1048
1048
1047
1047
1046
1045
1044
1042
1042
1042
1041
1041
1040
1040
1039
1039
1039
1039
1039
1038
1038
1038
1037
1037
1037
1037
1036
1035
1035
1035
1035
1034
1033
1032
1032
1032
1032
1031
1031
1030
1030
1029
1029
1028
1027
1027
1026
1026
1026
1026
1025
1025
1024
1024
1024
1024
1023
1022
1021
1021
1020
1020
1020
1020
1019
1019
1018
1018
1018
1018
1017
1017
1016
1016
1015
1015
1014
1014
1014
1014
1010
1009
1009
1009
1008
1008
1008
1008
1007
1007
1007
1007
1006
1006
1006
1005
1005
1005
1004
1004
1004
1003
1003
1002
1000
999
999
999
999
997
997
996
996
995
994
994
993
993
992
991
990
990
989
989
989
986
985
985
984
984
984
983
983
982
982
980
979
979
979
978
977
977
977
977
976
976
975
975
974
974
974
974
973
973
971
971
971
970
969
969
967
967
967
966
965
964
963
963
962
962
962
961
961
960
959
959
959
959
959
958
958
957
957
957
955
955
954
953
952
951
950
950
949
949
949
948
948
948
947
947
947
947
947
947
947
946
945
944
944
943
943
943
943
943
942
942
942
942
941
941
940
939
939
939
938
938
938
937
937
937
937
936
936
936
935
935
935
934
934
934
934
933
933
933
932
932
931
931
930
930
928
928
927
927
927
926
925
925
925
925
924
924
923
923
923
922
921
921
921
921
921
920
920
920
920
919
918
918
918
918
917
917
916
916
916
915
913
913
912
911
911
911
911
910
910
908
906
906
906
904
903
903
903
902
902
902
902
900
900
899
899
899
898
897
896
896
895
895
895
894
892
891
890
890
889
889
889
888
886
885
884
884
884
883
882
882
881
880
880
880
880
880
880
879
879
878
878
878
878
877
877
876
875
874
874
874
873
873
871
870
870
870
870
869
869
868
868
867
867
867
866
866
866
864
864
863
862
862
861
860
860
859
859
858
857
857
856
856
856
855
855
853
852
851
851
851
851
850
850
850
850
849
849
849
849
849
848
848
848
848
847
846
846
846
846
845
845
844
844
843
843
842
842
842
841
841
840
839
839
838
837
837
836
835
835
834
833
833
833
833
833
833
832
831
830
830
830
829
829
829
829
829
828
828
827
826
826
826
825
825
825
824
824
823
823
823
823
822
822
822
821
821
820
820
819
819
819
818
818
817
816
815
815
815
814
814
813
813
813
812
812
812
812
811
811
810
809
809
809
809
809
809
808
808
807
806
806
806
806
806
805
805
805
805
804
804
803
802
802
802
802
801
800
800
800
800
798
798
797
797
796
795
794
794
793
792
792
792
791
791
790
789
789
788
788
788
788
788
788
787
787
786
786
786
786
786
785
784
784
784
784
784
784
784
784
783
783
783
781
781
780
780
779
779
779
777
776
775
775
773
773
772
771
769
769
769
769
768
767
765
765
765
765
765
764
764
763
762
761
760
760
760
759
758
758
757
757
757
756
756
755
755
754
754
754
753
753
753
753
753
752
752
752
752
752
751
750
750
749
749
749
748
748
748
747
745
745
745
744
744
743
741
740
740
739
739
739
738
738
738
737
736
736
736
736
736
735
734
734
733
733
733
733
732
732
731
730
729
728
728
728
727
727
727
727
726
724
724
723
723
722
722
722
721
720
720
720
720
718
718
718
718
718
717
717
716
716
716
716
715
715
715
712
712
711
711
710
710
708
708
707
706
705
705
705
705
704
703
703
703
703
701
701
701
701
700
699
699
699
699
698
697
697
697
695
694
693
693
692
691
691
691
691
690
689
688
688
688
688
687
687
686
685
685
684
684
684
683
683
682
682
682
682
681
681
680
679
678
678
678
678
677
676
675
675
675
675
674
674
674
672
671
670
669
669
669
669
669
668
668
667
666
666
666
665
665
664
662
661
661
661
660
660
660
660
658
657
657
656
655
654
653
653
652
652
652
652
651
651
650
650
650
650
648
646
646
646
645
645
645
645
644
643
642
642
642
641
641
639
639
638
637
637
636
636
636
636
635
635
634
634
634
634
633
633
632
632
631
631
630
627
626
626
625
624
624
624
624
623
623
623
623
622
621
621
620
620
620
620
619
619
618
618
618
618
617
617
616
616
616
615
615
615
614
613
612
610
610
609
609
609
608
607
606
606
606
606
605
604
604
603
603
603
602
600
600
600
599
598
598
598
597
597
596
596
596
596
595
595
595
595
594
594
594
594
593
593
593
592
592
592
591
591
590
589
589
587
587
586
586
585
585
585
585
585
584
583
583
582
581
581
579
578
578
577
576
575
574
573
573
572
572
572
571
571
570
570
569
569
568
567
567
567
566
565
565
564
564
564
564
563
563
563
563
562
562
562
562
561
561
561
561
560
557
557
555
554
553
553
553
553
553
553
552
552
552
550
550
549
548
548
548
548
547
547
547
547
547
546
546
546
545
544
544
544
543
543
541
541
540
539
538
537
536
536
536
536
535
535
535
533
533
532
532
531
530
530
529
529
529
527
527
525
525
524
524
523
523
523
523
523
522
521
521
521
521
521
521
519
519
519
519
518
518
518
517
516
516
514
513
511
511
510
509
509
509
509
509
509
507
506
506
505
505
505
504
503
503
503
502
502
501
501
501
501
501
501
500
500
500
500
500
499
499
499
499
498
497
497
497
496
496
496
496
495
492
492
491
491
490
489
489
488
488
488
487
486
485
484
484
482
482
481
481
481
480
480
480
480
480
478
478
477
476
476
476
476
476
475
475
475
474
473
473
473
472
471
470
470
469
468
468
467
467
466
466
466
466
466
466
466
466
465
463
463
461
461
461
460
460
459
459
458
458
458
458
458
457
457
456
456
456
455
455
455
452
451
451
450
448
448
448
448
448
448
447
446
445
445
444
444
442
442
442
441
441
441
439
439
439
438
438
437
437
435
434
434
433
433
433
433
432
432
431
430
430
430
428
427
427
426
426
426
425
425
425
425
425
424
424
424
424
423
422
422
421
421
419
419
419
419
418
417
417
417
417
417
416
416
416
416
416
415
415
415
413
413
413
412
412
411
410
409
409
409
409
407
407
406
406
406
405
403
402
402
402
401
401
401
400
400
400
399
398
397
396
396
395
394
394
393
393
392
392
392
389
389
388
388
387
386
386
386
386
386
386
385
385
384
382
381
381
380
380
380
380
380
379
379
379
378
378
377
374
374
374
373
373
373
373
373
372
372
371
371
371
371
371
370
370
370
369
369
369
368
367
366
366
365
365
364
364
364
364
364
363
363
363
363
362
362
362
362
360
359
359
359
358
357
356
356
356
356
355
355
355
354
352
350
349
348
348
346
346
345
345
344
344
344
344
344
344
344
343
343
343
341
341
340
340
339
338
338
338
338
338
338
337
337
337
337
336
335
334
333
333
333
333
333
333
333
332
331
331
331
331
330
328
328
328
327
327
326
326
325
324
324
324
324
324
323
323
322
322
322
321
321
320
319
319
319
319
317
317
317
316
315
315
315
315
314
314
313
313
313
313
313
310
310
310
310
309
309
309
309
307
307
307
306
306
305
304
304
302
302
301
300
300
299
299
298
298
298
297
297
297
297
296
296
295
295
295
295
295
295
294
294
294
294
293
292
291
290
290
290
290
290
288
288
288
288
286
286
285
285
285
284
283
282
281
281
280
280
280
280
279
279
277
277
276
276
275
275
273
273
272
272
271
270
269
269
269
268
268
267
266
266
263
263
263
263
261
261
261
261
260
260
259
258
258
256
256
256
255
255
254
252
252
252
252
251
251
251
251
250
249
249
249
249
247
247
246
246
245
244
244
243
242
242
242
241
241
241
241
241
240
240
238
238
237
237
236
236
236
235
234
234
234
232
232
230
230
229
229
229
229
228
227
227
227
227
226
226
226
226
225
225
223
222
222
222
221
220
219
218
218
217
217
216
215
215
214
214
214
213
213
212
212
212
212
211
211
210
210
208
208
208
207
205
205
204
204
203
203
202
202
202
201
201
201
201
200
200
200
199
199
199
198
198
198
196
195
195
194
194
193
193
192
191
191
191
190
190
190
190
190
189
189
189
188
188
188
187
186
186
185
185
185
185
185
184
184
183
183
183
182
181
181
181
181
181
180
180
179
179
179
178
178
178
177
177
176
176
176
176
176
175
174
174
173
173
173
172
172
172
171
171
170
170
169
169
168
167
167
167
167
166
166
166
164
164
164
163
163
160
159
159
159
158
158
157
156
156
156
154
154
153
152
152
149
148
148
148
148
147
146
146
145
144
144
144
142
141
141
140
137
137
137
137
137
136
136
135
134
133
133
133
133
132
132
131
131
130
128
128
128
127
127
127
127
126
125
125
125
123
123
123
122
122
121
121
119
119
118
118
118
118
116
116
115
115
114
114
114
114
113
112
111
111
110
110
109
109
108
108
107
107
106
105
105
104
104
104
104
104
104
103
101
101
101
101
100
100
100
100
99
98
98
98
98
96
96
96
95
95
95
94
94
93
93
93
93
93
92
91
91
91
90
90
90
89
89
88
87
87
86
86
84
83
82
81
80
79
79
79
79
78
78
77
77
77
76
75
75
75
75
75
74
73
71
71
71
70
70
69
68
67
67
67
66
65
65
65
64
64
64
64
64
64
63
63
63
62
61
61
61
60
59
59
58
57
57
57
56
55
55
54
53
53
52
52
52
51
51
50
49
48
48
47
47
46
46
45
45
45
44
44
44
44
43
42
42
42
41
41
40
40
40
38
38
38
36
35
35
34
34
34
33
33
33
33
32
32
31
31
30
30
29
29
28
28
27
26
26
26
25
25
24
24
23
23
22
22
22
21
21
21
19
19
18
18
17
17
16
15
14
13
13
13
12
11
10
10
9
9
9
8
8
8
8
7
7
6
5
5
4
4
3
3
2
2
2
1
1
1
