6000
434
233
170
224
1695
847
169
1107
1236
804
712
286
1421
1768
188
524
764
494
1864
1930
1813
1380
1286
483
228
832
810
289
352
252
1917
655
1494
1261
1504
438
1037
8
1436
597
1586
891
376
1320
1989
670
1074
1210
622
304
244
790
1169
1592
1649
536
559
711
1255
529
79
1928
1212
570
982
1521
1875
1034
1690
1405
803
1535
1686
695
21
614
1510
1998
1316
654
1025
362
132
1040
1648
815
1854
633
1319
657
1538
311
1012
1536
843
665
371
447
1
1265
578
272
1224
350
346
518
1970
289
541
223
206
1819
1538
1895
827
127
162
1923
627
1339
68
1311
1037
1552
508
350
962
1204
786
417
1036
1376
441
723
1797
1041
1774
427
185
339
1077
333
1002
27
1819
814
110
1834
209
1932
1794
1625
1345
720
1568
179
1635
566
681
1620
1304
1557
699
1448
1479
1352
1574
1279
200
1236
557
1586
1289
694
769
206
724
1106
1482
138
224
368
1146
1375
1663
881
997
380
1957
1244
1533
521
1000
1392
747
145
259
680
1272
289
1845
632
645
1030
1430
1758
1672
558
77
163
1924
448
1631
83
994
668
474
313
797
568
1601
476
724
704
933
931
703
1061
844
1823
1113
1486
153
1561
1615
660
1521
1448
551
217
1888
192
498
1483
300
1237
1901
1406
1802
1353
1364
596
297
1119
1324
207
1766
936
767
156
1853
1880
1171
796
570
1283
1912
764
1488
1529
15
1050
481
267
1130
1477
688
1287
1908
1146
515
901
273
871
673
285
997
471
1379
920
92
246
935
1815
1732
782
461
510
551
1399
403
330
1708
212
1446
452
1356
1095
514
47
1506
352
1305
1427
1050
576
815
1509
1388
1547
1370
182
1395
1127
1460
1362
1337
832
1381
1333
708
276
6
1228
1940
870
319
701
72
1407
1931
1719
798
294
139
722
1443
655
144
1015
1405
1378
53
1930
1837
1050
129
583
503
1272
1815
465
1687
1675
30
1001
659
1779
1282
1406
1401
210
301
338
1398
1842
33
258
1078
308
343
411
824
927
499
109
865
1629
960
1592
1094
1817
1354
1266
1375
296
400
540
1830
1793
278
1458
1857
1702
1437
810
1654
12
307
1479
179
1184
1888
160
1970
1164
1524
821
1652
1728
497
1201
967
51
1009
1188
1165
1568
360
382
206
1883
1688
1021
789
1122
777
829
1531
370
559
1744
1147
990
1150
1401
1305
1003
146
672
1831
1030
370
515
156
108
1220
305
1557
935
1701
409
217
1695
928
1895
1721
1477
263
831
1357
450
572
869
833
1345
1345
732
679
797
1333
1050
1761
1882
591
498
1736
1288
1229
1892
934
500
710
866
472
682
287
1410
627
1972
1517
13
185
1998
1549
1818
1914
1103
1907
472
134
1634
430
892
1587
1807
1197
1987
1182
629
1056
611
815
1523
880
1883
1472
1033
1769
739
1139
701
1383
83
454
1396
106
1657
951
895
1807
1509
1481
356
1641
593
173
481
1668
779
188
209
856
841
1269
252
1456
746
282
35
757
762
1837
667
1565
1701
1038
724
935
1851
862
1596
1382
1672
1056
1591
278
696
765
1674
789
1868
243
1676
1767
909
1403
938
21
213
1458
456
79
209
1865
1798
1828
100
174
1611
402
1394
1959
1568
758
1712
348
1725
514
1555
1012
1500
1842
284
1504
69
1413
691
351
745
278
468
1661
1914
203
1259
1205
1316
1501
1462
320
63
1879
881
1198
691
322
1538
886
109
247
605
1304
609
411
870
1350
86
1128
1291
1432
1002
1804
395
95
1909
1726
215
919
1319
1081
459
1940
511
1248
179
626
633
928
1071
1219
431
1589
952
1918
883
657
322
533
1100
1941
1312
455
1936
1778
1225
1028
1829
769
1327
245
1356
501
38
196
619
1128
686
1116
1784
1578
1881
1234
779
785
1352
80
1121
368
1889
77
1873
1519
329
679
1011
1972
1251
1177
1145
925
1354
1865
1875
1506
1360
1816
1475
1845
1170
624
859
380
1421
635
311
722
1725
1171
621
868
600
1758
144
1756
1150
1544
1028
1245
361
1711
207
781
1892
737
480
1780
1109
85
1650
1494
499
1767
1181
1822
593
868
545
1280
490
1037
1732
430
1861
343
219
400
1910
124
657
311
186
1949
465
389
751
452
1517
1653
412
727
294
1694
1774
1948
923
1262
863
471
169
1749
822
299
1488
533
966
495
1664
1375
538
1132
1894
698
1056
1458
1011
459
4
1541
1656
1017
1870
446
1298
26
174
585
394
1569
968
50
1755
1129
1759
1563
1489
1028
140
1572
607
1826
457
1595
402
1861
1914
439
1558
1823
462
1219
2000
1261
341
845
1689
102
608
1790
534
1276
884
802
1611
1785
205
103
1465
1948
1631
1611
231
231
110
1536
807
1021
172
729
1056
821
1949
1427
1713
1529
1959
1949
547
1182
67
676
1416
1037
1491
1924
373
1347
137
851
1518
603
666
1358
1753
133
1167
491
1534
1156
925
1697
643
225
466
106
106
1565
587
272
1840
1488
105
1802
1366
363
82
1025
1283
1092
1581
482
1867
1527
786
393
1275
1731
395
35
1373
1999
1414
416
1144
940
1594
277
1218
1858
605
1205
1345
722
726
228
1881
75
473
1310
319
550
1319
650
721
916
994
524
713
665
1616
1062
510
1930
1193
509
905
58
938
1922
129
1116
437
931
684
1411
1691
398
1105
1328
90
308
455
1317
628
1547
649
1093
1953
155
786
1758
1708
274
1024
227
737
1834
1252
1957
361
1954
943
361
851
1668
1175
1683
401
1786
922
1958
1933
1645
459
1581
1099
1287
871
1451
321
1878
1326
1985
1428
519
725
257
1405
1851
120
28
1263
1618
1881
152
1170
165
855
1669
1386
268
1547
1509
1178
310
923
73
1335
638
1337
565
833
362
1625
1374
1754
1448
1061
1565
1440
585
269
1825
1957
1177
629
863
855
193
1832
995
76
1045
1713
1810
953
1633
511
1092
1173
756
1395
473
736
1618
664
715
416
1469
485
644
1267
1886
45
1147
1125
670
583
1367
1619
1974
152
1761
1604
1667
866
142
1273
464
578
1149
1814
1232
675
46
490
176
981
791
1504
24
1727
543
1037
983
610
89
953
23
448
248
1215
1594
1514
77
1389
594
1225
521
1394
106
493
1171
1807
1184
645
1912
395
81
1106
1425
1820
742
618
1608
1558
275
407
379
773
801
463
521
970
296
370
1773
1329
1593
789
728
435
1931
1745
1366
1189
123
799
113
1775
102
302
338
1328
927
1353
173
1596
161
1851
1730
674
445
221
443
1321
772
794
252
1172
1561
1859
139
1030
1876
398
432
1161
1663
1100
1725
598
412
1022
1566
1383
473
1019
299
1417
1581
833
1031
224
1033
693
197
1439
1097
411
205
1120
1921
109
265
1376
1752
1501
476
974
866
844
866
297
1205
1790
1011
547
622
997
1834
1548
1982
1800
1745
1797
263
1544
1210
1799
305
1388
572
1830
659
1940
65
316
566
805
1104
1165
1879
1597
1501
213
1870
1383
1930
1115
1615
1390
805
638
109
1159
886
361
165
848
159
1178
372
3
152
271
947
1759
144
1137
251
1012
460
1258
62
1689
271
512
1851
1912
14
994
1525
296
1930
509
1209
330
1869
1127
151
1508
1718
303
738
122
1579
114
1984
298
1457
1668
1967
1787
1011
1010
828
263
1142
1679
1860
713
679
147
717
820
1471
1528
1189
1231
1103
141
292
802
509
134
925
1210
814
603
401
1573
1652
1921
1356
1973
534
129
13
803
1601
522
1774
1465
799
1744
1957
704
508
240
684
1042
249
1677
154
1032
244
1632
300
1240
800
1078
561
1549
1507
1196
651
1021
843
1233
86
1499
1625
500
1147
1173
1905
903
1519
804
455
1511
851
593
1484
1227
894
1881
445
1614
1813
1323
964
1498
1091
465
943
417
10
210
1474
1046
545
783
1725
826
1726
1030
1452
774
193
152
1681
687
653
1709
699
1739
1559
1359
1362
115
694
747
1960
514
1637
1257
1117
26
1741
1279
602
483
444
909
114
1975
1711
1313
284
1492
293
1203
1955
1136
604
1897
1336
956
1848
1656
441
1612
645
1817
368
1445
385
1141
1969
687
387
1414
653
173
610
1330
526
1886
189
150
1345
102
820
1363
408
851
567
1934
1769
1862
854
1390
1503
644
653
933
1930
1743
958
1679
813
1759
314
618
1231
1861
937
1402
344
76
1895
382
1421
973
887
104
482
974
1176
943
872
1195
169
938
618
1986
1699
100
588
1045
307
910
1714
1380
148
1613
503
1504
1949
1459
806
542
1294
1411
734
721
1744
218
1990
1255
862
805
1599
841
1294
1658
1021
1463
1356
1533
1759
1353
620
1978
1477
1104
64
1002
1006
1011
842
1712
801
233
296
148
1772
1219
1107
348
800
271
596
550
1887
1751
1532
667
1447
982
3
1425
656
1681
1479
1844
1652
1034
1244
1345
394
275
1399
553
500
1727
1949
1501
464
586
220
1727
1009
1296
111
1633
607
932
1125
1644
1724
537
934
1614
1145
465
1188
400
578
1989
1824
146
944
1867
1158
1290
1372
470
1648
1645
962
1755
1334
976
1358
1425
1089
569
43
449
12
1982
493
1129
304
1049
646
964
744
508
200
1027
1735
1839
1102
1088
1837
65
1585
115
349
1374
1042
235
10
1000
756
249
560
1236
1263
1042
780
967
1490
1345
627
312
720
425
232
1507
888
218
1634
1618
1866
732
854
630
1282
1100
302
234
67
1876
156
569
505
1388
939
627
1897
1347
1043
653
1137
502
35
1550
589
1621
953
1901
742
1739
1814
173
816
74
105
1939
450
807
614
1175
1396
1974
1282
1434
511
1456
7
1297
1819
227
1554
567
506
1684
378
1462
339
1673
408
1926
1657
1959
522
1906
1344
1755
1063
142
972
1020
1770
297
1175
527
1943
1634
674
1967
210
132
357
1960
713
1363
971
1892
1932
891
515
808
1131
1972
374
1837
1815
1637
29
509
1885
1135
1459
755
181
623
575
1332
1448
1311
233
1036
1891
129
987
57
360
205
1309
287
1929
1132
1244
1543
144
925
1300
1059
307
1366
99
1022
1717
1498
465
1452
116
475
1715
1914
1692
1917
1430
109
819
527
1301
1903
1128
324
667
732
1611
445
333
13
1154
246
897
725
406
38
1896
592
588
1845
1892
1617
838
534
862
659
519
528
1683
1563
1035
1882
725
1689
1938
978
1697
156
1054
609
1020
961
122
930
898
1439
762
792
1101
1040
641
1706
205
795
1368
710
1000
1365
978
399
903
219
1258
661
97
1971
846
1215
1910
249
1788
844
1696
1612
1799
1669
166
1290
558
1503
1856
1709
532
1230
484
328
1061
374
1913
803
1920
305
1438
808
594
1210
1597
1
100
407
1433
1856
179
533
599
1267
1203
574
1477
1317
1614
266
124
1532
241
1935
394
1474
1476
1966
275
1907
820
799
622
368
703
185
850
244
1154
1040
961
1986
1950
1130
1572
190
313
1000
1676
1604
1384
901
97
1693
655
776
1939
331
686
1576
932
1050
802
1845
118
861
269
658
1910
1164
731
355
910
1774
259
1544
1429
386
825
694
241
935
1493
1749
1188
1505
768
1741
1363
1328
703
1439
1898
1905
1279
513
740
1194
448
1735
313
1347
1370
1487
149
484
1206
70
1499
1593
406
263
1609
1740
538
379
1661
1844
823
55
1567
163
1752
90
1509
1659
815
1505
757
77
1832
1522
473
1854
424
108
1473
1518
1451
448
1930
686
821
1688
865
1456
47
639
874
283
70
937
1811
1935
245
841
958
103
847
30
715
462
1700
277
497
101
693
1954
1714
1871
876
131
1329
1972
550
1305
1497
388
1590
1423
205
1945
298
1882
708
456
966
1391
279
1649
787
70
508
1143
730
1002
399
370
505
1904
109
1757
1303
1022
1471
1265
1678
789
1632
147
1208
736
219
377
1761
976
579
1937
1664
62
1919
671
1102
1229
650
102
1446
1555
1460
347
1357
408
1293
710
1488
355
1230
310
955
1014
570
1591
1481
822
238
341
1130
339
243
1648
1856
1058
235
1097
1537
1103
837
1038
797
715
1877
5
28
1290
838
1733
835
259
634
1287
981
358
671
1137
903
866
504
1641
693
922
1481
59
1177
1312
1622
503
1771
257
157
343
711
224
1852
1558
1357
1292
602
1504
1727
1394
1029
1532
104
1583
606
1196
1015
671
722
1719
1465
1726
1786
1918
727
1059
1374
1223
1756
61
1116
1413
849
1178
1495
994
962
325
256
544
850
1728
817
1896
839
1112
852
361
492
576
1251
652
1480
488
399
1875
685
1411
167
199
552
403
1204
285
947
1333
245
205
1524
151
399
1548
1034
247
1676
1326
1117
1723
1767
45
273
528
833
1428
1844
132
1830
965
1838
1177
949
727
1291
1170
131
1356
1385
1653
1321
908
792
1969
5
1485
542
733
811
434
773
226
1584
645
1351
226
539
1540
1666
1762
1706
1705
305
144
572
502
1882
1708
644
1547
680
1918
1531
1574
1228
1693
767
149
1267
1974
1345
872
1126
835
1146
1506
345
1993
1853
776
924
630
1145
952
330
374
1083
989
1149
36
1575
1689
1041
1414
1143
802
1616
1868
1328
1087
1101
70
1388
1801
973
88
146
1379
1183
569
7
1044
1101
288
733
1345
1496
247
1239
399
640
272
1707
1523
1384
12
853
357
1457
673
1102
1784
277
457
1290
1104
1582
404
1670
292
490
1203
468
1572
1964
1438
1351
56
1986
1593
1866
1332
1256
1573
569
711
901
1744
1282
1148
1595
185
1371
1235
1156
1253
1838
1982
356
1758
808
1755
194
1966
1416
1311
1337
1693
1357
1855
711
834
198
143
39
377
1311
1134
1933
46
1441
200
46
1658
153
515
1256
1301
1415
1477
1458
865
13
218
1278
30
460
729
1686
531
13
105
1296
1697
635
997
766
1036
705
1178
1469
1765
267
390
1983
1990
498
1969
987
1600
101
1797
1373
1249
278
730
243
1145
215
1187
263
856
1137
590
340
1878
391
912
1789
100
1847
1973
1209
1694
1241
1293
1573
1295
391
671
185
966
1260
1174
1888
62
1606
248
778
1600
1799
1376
1160
1297
984
1630
1787
590
311
1137
1432
343
832
641
1913
259
1698
534
494
956
627
1149
245
1357
1795
1941
828
120
289
1925
208
782
310
359
88
1406
736
939
1548
616
1913
1015
874
1397
1203
331
1938
1012
269
709
1164
164
1176
1482
775
1713
1196
1139
833
530
51
153
438
1278
1145
671
499
937
101
1014
1963
1277
111
228
501
1583
1934
1347
26
1506
1421
778
1664
549
1480
987
1437
1726
1017
241
792
1840
860
197
194
1850
990
1393
1969
1894
1895
127
1235
1615
1727
1285
814
75
820
1277
603
1749
230
1146
1747
1905
1766
557
1655
1995
307
545
1349
60
1745
800
572
804
1068
1555
416
376
1103
1339
1975
1417
742
741
1906
655
1299
490
1804
1638
1392
1374
24
1446
972
412
389
1088
1479
587
1422
1893
557
1953
1998
1648
503
144
1066
1956
450
711
276
1668
1484
834
1510
1677
392
856
431
1493
1515
21
69
1550
367
1135
1376
677
1898
505
676
889
286
240
237
1143
612
1088
1179
861
111
846
1292
1100
787
1655
485
940
312
238
306
1037
466
1409
1101
985
273
1126
1097
734
1166
267
1733
253
87
348
1345
1551
1826
450
346
1434
207
288
972
90
1071
1071
1856
246
1338
1112
1564
1160
1310
216
940
1331
811
232
243
1245
3
848
747
555
830
550
137
1103
1213
1080
64
29
335
1212
1017
237
1640
379
1386
1608
1325
1689
1394
1354
542
1593
1614
1815
1852
1204
698
1431
253
1285
864
423
1559
279
906
298
1608
1836
691
1887
1929
958
1871
1298
160
1745
87
1310
914
1309
643
416
1536
56
58
824
1804
877
710
1700
451
361
796
1762
1268
1770
179
1269
218
1472
1798
815
928
345
1402
1820
862
2
456
946
471
88
1210
1722
1532
438
1056
1984
172
997
170
1860
1919
1244
581
1815
1785
1745
1495
124
1887
766
314
1776
224
38
25
423
1107
809
90
233
906
369
1758
550
1573
630
1402
479
187
1683
337
289
947
878
1182
611
105
883
469
1719
1196
935
1718
1792
703
563
585
190
295
1866
1586
1799
877
1633
634
1731
406
1557
1293
1173
694
1716
1714
615
113
1912
1876
1204
1895
1769
410
79
1482
117
642
207
833
327
739
1154
70
51
1640
311
356
1466
161
462
1976
328
1533
532
1783
1537
296
528
1147
1698
1230
472
1479
729
1623
837
531
1159
362
1664
483
1253
694
1189
89
1710
1992
1335
1110
18
439
1683
1396
205
539
1645
107
36
1794
1073
1940
1541
619
1503
681
1464
1039
1871
110
836
921
679
1488
1055
1787
1107
947
709
105
1465
106
250
615
734
1146
437
1247
687
1341
1687
883
417
353
1908
1021
1205
1752
1170
1890
640
735
864
1669
631
1105
647
795
802
508
1852
973
1180
954
940
1997
62
1056
752
1020
448
1293
866
999
58
450
376
1379
1195
1382
498
724
941
1257
75
382
1509
1576
926
1855
1260
736
1469
1749
343
884
268
1403
291
1627
1992
935
1871
1382
1802
389
994
54
352
569
1417
778
1273
1787
443
1637
47
1176
1110
1928
1538
252
464
1451
1339
839
1957
940
410
1979
316
383
1803
1868
435
257
104
1815
1072
894
496
828
647
787
1915
1345
261
34
5
848
1643
1776
620
822
1254
1087
117
806
81
664
306
1936
434
1561
566
187
371
955
467
423
551
1481
857
1742
277
570
1285
1198
1366
1769
788
431
486
400
1061
1770
364
501
689
286
334
1523
219
716
850
16
1856
676
249
1839
1645
1644
352
871
1241
915
48
953
1455
1935
969
1905
1294
1749
1651
880
186
861
543
451
602
301
1309
1975
1920
512
1727
1535
976
1882
168
1884
1067
748
486
952
358
700
107
207
974
46
604
698
1210
415
1446
473
1206
1142
499
401
1424
1796
1856
1833
1150
1687
1953
499
364
1276
767
632
1574
917
914
1963
104
828
773
1828
148
716
1172
424
814
1646
118
337
139
1006
407
653
1047
1094
1212
1357
1300
14
857
1512
525
325
1050
1879
1527
1992
1678
157
187
1399
803
91
712
1714
1790
144
586
1155
1791
858
1551
1047
1773
1305
576
614
929
484
1939
852
1228
1781
82
1872
1183
516
1293
894
1018
504
1519
113
283
775
947
827
1012
559
395
371
605
990
1922
1905
1292
16
262
1971
679
1241
1628
1375
886
148
1207
1168
10
1490
912
276
605
1248
1244
66
980
1852
924
136
867
597
80
1167
900
1572
1577
1437
1837
83
685
1922
1238
487
1005
1249
764
704
125
1058
256
610
1006
1027
917
978
1313
710
1934
1468
620
13
467
261
1640
1858
1909
1597
921
1807
1152
878
332
1777
131
1366
463
488
741
695
1077
408
1677
1048
1418
1580
977
841
697
1647
904
712
1229
253
1907
1351
1767
1933
838
1415
1543
1390
1510
654
100
581
1938
1142
266
416
1306
1650
522
448
204
1126
969
154
888
176
467
590
809
954
617
964
1970
1595
583
905
83
1853
25
896
173
966
600
433
1747
1495
653
1792
1207
1264
1287
1548
781
445
493
1913
1922
594
166
686
870
1958
137
1365
444
1943
426
1703
1858
778
225
1195
1471
280
429
1821
1775
396
1305
1680
1442
215
810
1327
1467
296
1677
698
933
1240
246
1512
401
1164
611
800
354
673
1773
946
1325
481
1948
187
91
1671
99
243
1196
1374
1548
1857
382
1127
1695
1720
297
1153
664
1204
731
89
958
365
801
1798
363
401
800
1414
1517
1256
1213
144
1515
479
1065
1556
877
215
1675
802
1838
1685
1230
1318
320
1488
638
1992
620
1753
1370
923
1559
1957
1293
1202
610
182
659
1256
14
1343
1726
70
1974
852
116
1336
233
1484
1917
810
410
1740
1831
1457
1868
65
330
1690
32
697
650
979
821
364
626
213
1283
879
1358
837
1527
497
846
406
1375
1826
1213
1746
1368
197
1876
939
1271
1793
1911
738
226
663
176
933
311
97
894
982
421
1889
974
1212
391
666
353
709
1284
1577
23
1353
62
1980
869
1501
1370
1603
356
819
1218
1997
1552
1429
1110
1523
1906
122
1383
539
1717
1044
50
15
1336
1593
252
822
1591
1080
1646
1215
1084
1461
1144
333
478
686
1910
975
1807
1330
1550
1048
1125
1877
1175
17
1490
729
1482
1348
120
1081
1191
1830
1576
1655
385
1905
1637
215
1888
1639
1059
1323
1042
1446
1778
15
41
1504
1088
1395
14
123
344
13
1363
1327
814
1354
1339
980
1274
854
216
474
932
1587
1864
1567
601
1310
578
1076
1229
514
875
246
616
400
1948
1964
1315
1811
1503
72
626
823
687
436
1533
1035
356
1639
1677
174
1658
466
918
363
170
544
1648
115
1856
530
1981
1480
2000
351
1260
593
147
1168
6
1176
1347
721
1019
1944
1328
333
1027
213
1123
1253
1877
1390
309
657
1626
1862
162
390
837
885
880
96
579
508
818
1424
1837
217
1386
1117
1022
577
277
1437
895
574
56
903
504
715
616
1338
673
719
504
193
1016
62
1076
32
633
805
296
302
1925
1116
402
604
1839
455
1160
311
206
1883
1043
1402
1570
1892
394
1112
206
1682
292
600
475
208
1589
1217
232
1978
969
53
475
59
1068
606
116
76
1077
1394
549
1704
1404
169
319
1740
1153
1317
1558
48
576
489
833
1914
337
888
1273
1617
1328
1681
130
1940
1183
1246
948
195
12
896
629
1340
3
289
1772
74
1631
1092
770
731
1342
642
1608
1405
539
1369
535
1658
490
1876
796
299
248
1121
1747
1641
580
461
89
327
1191
1929
208
1614
1520
1487
1495
1780
1132
176
1064
1431
1200
269
781
144
1989
884
1065
538
1460
1051
661
536
305
1183
1376
214
104
230
388
524
559
225
995
1432
1731
386
1228
835
95
1094
25
1245
1284
1987
204
854
501
895
1912
561
730
418
1068
1584
454
88
1474
572
1003
266
359
1892
622
1379
1021
427
99
1828
1039
497
1371
819
1695
979
876
1459
1216
1463
902
325
253
29
811
838
917
1815
1778
1118
1593
686
1004
1378
1665
1309
278
865
608
295
1777
1663
1153
343
1051
934
230
854
443
757
567
1109
1008
1499
1811
263
186
863
878
1771
1941
1752
538
1437
1981
1446
756
1393
205
1326
1278
1399
357
154
1628
1425
211
1777
271
1951
1716
1164
197
1094
1108
978
622
920
922
431
104
401
1278
281
1852
1394
1737
198
1571
830
860
1771
1615
725
840
125
1340
1246
488
1887
1297
397
1783
1751
393
87
1588
1068
297
426
1645
841
1513
349
1408
1628
1273
713
1895
511
1215
1911
626
1485
1934
1413
1471
307
377
931
581
1145
1419
530
398
1630
435
1374
479
97
368
1697
21
1171
853
1084
1867
359
784
1294
828
1425
1042
1728
77
868
841
1200
1082
1010
566
1400
1729
1153
1223
961
1130
1165
802
1652
726
512
1523
1201
814
131
740
1883
1014
1436
1630
1714
110
1797
1013
1862
1034
316
1026
710
195
790
1074
267
501
1921
471
546
1062
517
1588
1842
1852
458
1159
733
141
617
1875
1927
1169
1497
327
984
1668
130
369
1767
1511
1007
1039
601
91
826
56
372
245
1240
442
208
243
1646
1403
234
51
129
976
914
1012
579
1255
1286
84
1193
336
1188
1203
632
278
1327
468
308
1315
1789
1785
974
1218
319
1024
667
1808
140
803
1432
488
514
1395
1419
283
891
977
1202
1649
9
1002
1971
542
1006
1901
592
1735
684
590
323
1876
906
1211
540
1818
670
567
588
1326
1955
411
1960
1967
780
1024
848
1884
1722
1847
1531
1727
1650
613
449
1024
1201
570
698
1795
794
1802
574
697
513
1395
1313
218
782
333
1013
544
1620
282
907
1291
652
325
614
197
1936
1713
1583
749
1733
11
154
1616
1862
1932
1386
832
1929
554
286
468
244
1564
526
79
1531
1199
431
1246
1927
1461
1700
1537
1209
134
1342
143
1883
19
652
320
639
1274
272
1949
1709
1226
1203
426
642
365
853
1225
232
1872
1886
787
1654
1105
1790
696
857
668
1772
769
25
890
489
807
815
972
1300
289
843
1489
1632
1857
1530
1296
216
1134
1884
690
182
1084
274
955
1074
1281
984
1057
955
1076
1960
722
566
121
1733
1035
1656
1788
428
682
1422
397
1824
67
1593
1898
469
595
378
1229
1147
1282
708
243
472
1713
377
593
465
1460
1961
1508
1080
127
1791
1906
205
754
1491
174
1201
1111
542
1554
1324
1847
1138
1634
1891
1573
183
221
320
493
190
1272
1587
1857
259
45
24
6
1003
1882
1914
588
1219
1284
1766
1379
586
215
1092
333
192
231
1654
1186
697
347
769
1470
677
1432
1121
823
637
122
188
375
591
125
39
1836
1676
614
1251
144
345
1779
305
1261
145
641
1161
297
810
1837
1757
1178
1094
1347
1832
1573
876
277
200
1307
904
740
1739
148
1546
1875
157
728
2000
200
1106
1490
1010
1490
1082
1082
136
787
39
1726
606
1735
40
429
585
1089
824
1437
319
1292
75
1282
1837
270
65
895
1834
328
1506
441
689
1554
507
270
947
1393
1135
982
1864
356
397
408
161
1890
497
233
1637
1145
1376
636
245
1898
679
1435
1047
255
1959
437
937
354
498
145
848
1527
1623
1396
375
149
1785
855
989
652
883
1374
1932
1953
1044
1719
691
1874
407
1054
1266
1994
694
799
1869
793
764
1436
1229
1041
876
1991
624
106
152
831
252
1173
1265
1775
517
1821
1553
1655
1976
1049
630
1188
1382
1857
1001
1499
1917
1604
1491
390
1235
692
894
8
1126
1751
958
1819
1564
1957
934
614
1742
305
432
1861
142
49
67
1203
100
1817
1471
222
1858
1425
286
1690
1637
451
1172
1091
1118
1861
391
867
1716
1446
1483
1026
1161
690
298
1532
1303
967
1103
1113
1838
859
136
1686
1293
1655
1836
920
300
1704
160
297
1389
433
593
650
519
128
348
243
360
444
1768
560
1433
846
1068
519
1935
774
1598
560
403
534
552
1255
300
189
744
399
1100
1014
1729
1632
826
921
642
793
1412
597
928
315
882
673
228
270
778
1770
1321
368
79
1775
1041
722
677
1351
1864
982
1582
18
1202
1239
1347
1633
508
899
1338
649
453
1559
1886
844
867
1302
408
1016
1086
1064
752
270
1863
1172
1281
659
1563
889
736
1485
887
552
704
886
1419
1278
245
101
626
1185
928
342
671
68
1996
1660
1555
703
27
1587
1256
1542
834
755
929
184
1291
1301
41
1897
1089
14
417
1456
1575
425
1830
47
1471
1464
31
1167
1094
361
1787
642
139
1419
810
1962
1346
1212
120
1261
1466
1681
1341
1259
806
969
595
1772
1054
307
754
1728
400
865
1730
1411
856
420
1769
863
1249
1333
1646
1084
1480
1174
814
62
427
702
1679
1469
1535
760
939
549
1471
1029
679
723
1263
1928
474
1033
1360
1760
1218
530
1150
1234
551
1251
1537
485
906
1949
1410
1387
388
959
434
168
1951
946
1749
564
389
836
24
1195
123
723
1945
92
1378
109
1589
1455
1583
1094
74
648
1185
1067
431
256
1308
1221
1433
361
598
1792
17
10
215
1710
1288
196
821
491
802
1772
1534
84
1382
579
1499
1175
1229
493
1911
1221
1914
1489
54
258
751
708
833
1073
1705
1459
749
1134
1120
850
1231
1427
1970
1286
1864
18
1599
1891
1497
99
1580
1125
1894
1752
1978
234
319
735
432
797
1293
776
833
1467
838
333
1155
20
949
975
377
337
561
1603
1020
1413
1015
648
1651
1311
626
754
265
1560
1954
354
616
1662
771
1787
394
787
242
1035
484
1751
1906
311
1434
646
342
760
982
984
1315
610
882
691
762
301
1763
492
1945
1680
1710
872
1114
1996
154
1670
493
1564
326
500
1456
1626
1942
1737
434
1504
1426
801
549
1458
571
1380
127
1845
1064
757
710
1070
370
1119
891
560
1302
1683
1644
1638
1914
371
1269
298
891
1796
1362
1100
1437
365
1294
261
1793
947
509
63
751
1132
1982
1006
1532
507
1483
488
1862
1550
80
115
579
1464
1283
1171
382
120
1852
1706
213
540
637
1870
1933
818
962
179
1400
1595
841
1203
1898
798
1126
1093
1047
501
847
929
1857
138
596
1705
442
273
146
865
1108
1498
1926
439
1455
1211
1990
462
1468
1976
687
1379
839
1658
432
313
991
1412
229
1535
1780
602
69
766
1170
997
557
1879
613
1733
90
1375
1978
35
1847
580
1234
74
715
1574
769
1542
277
1735
1009
1202
1199
1335
1773
1655
963
286
983
1566
173
1509
719
282
7
1041
1479
1716
791
432
141
218
1805
1527
152
277
1479
472
1978
546
474
1799
1014
376
868
1599
1445
963
881
436
1359
673
235
1325
748
665
712
676
1694
12
977
1674
413
1133
1986
1171
1728
653
1704
998
1219
967
1300
1400
1891
1268
1686
879
1613
1673
1308
1050
1268
1609
1144
1267
39
613
96
961
1089
1725
1047
1555
1741
1665
1114
1967
1065
410
298
1085
338
1649
83
1206
1552
779
93
1159
1115
183
266
16
1289
1085
15
1478
885
961
84
1201
1851
934
1600
1445
702
672
388
1555
660
836
100
836
698
415
371
1502
1218
985
342
97
1257
1576
1506
1930
1874
1602
642
1136
300
1900
887
1481
65
580
405
1929
1189
848
1063
107
694
324
1576
888
1955
670
1160
191
823
1263
1502
1514
422
726
574
914
262
1679
313
1808
549
1256
973
1226
1604
1947
1486
410
1297
383
1955
84
641
647
649
1395
1106
537
274
672
1013
150
1165
611
35
887
1960
531
1782
279
1513
38
696
53
209
1848
213
668
994
54
459
1941
888
1896
1577
182
756
1912
201
217
1714
29
776
1267
387
666
1182
1267
1135
1572
1841
3
407
650
1204
1621
1493
40
477
236
628
1702
1234
1929
1139
228
149
174
917
970
1164
848
1301
1200
1095
485
1262
675
340
856
226
590
515
1223
246
1858
1101
1357
745
207
1856
35
1488
65
510
90
1845
1817
932
436
349
1983
239
343
509
327
69
859
1708
516
1341
867
1801
1605
1642
1400
249
459
901
1092
1421
1220
417
156
1614
307
723
1869
970
372
1768
1940
1463
1635
1888
628
1362
1417
1077
91
1700
1182
795
155
914
671
996
1743
999
1342
1858
1263
1130
1175
543
472
287
1658
1734
1210
385
83
496
1096
1900
1556
662
953
1038
374
1615
3
1677
1189
1157
42
1052
1138
1178
41
1585
1593
1872
1201
832
1977
1149
1822
1232
1945
1377
1800
121
794
1328
1567
364
71
1821
971
842
246
73
151
1193
510
1627
1117
863
323
1598
869
1107
515
1038
1312
1508
1772
1154
1803
1084
1985
1384
395
1962
791
713
360
1678
916
376
19
1408
313
1875
1902
681
928
1486
1290
649
1797
1179
1799
1321
38
1724
1748
1553
187
583
1492
1942
1285
778
238
1172
1123
1256
292
121
1063
513
1139
944
1687
621
1814
795
1675
1324
701
421
1644
829
1789
199
168
1344
1691
468
1495
713
1858
1539
1265
805
1905
943
821
1232
1090
1305
1076
68
876
1793
1361
1787
761
952
40
96
1179
1095
593
1856
1871
590
167
1145
962
578
205
1031
498
1642
946
405
971
1391
918
377
294
920
480
1427
783
1506
293
1468
1040
1762
1946
1441
1694
1919
579
59
1411
961
361
1255
1396
1116
324
678
1754
1308
1669
683
786
1409
30
1128
942
232
1335
1009
902
473
813
1694
1636
994
1566
177
460
116
1088
1539
499
134
1738
1006
1178
1842
1102
565
415
1806
1821
1407
1004
297
1363
248
1189
1249
212
1660
564
1023
1160
1240
1784
1910
1111
912
564
1951
1411
14
1637
1469
1044
1735
905
1371
46
945
1251
1919
92
774
1199
458
1253
1821
1207
442
334
1391
300
854
1523
1764
1782
300
1467
811
469
243
1464
84
1418
166
993
544
1301
722
1043
1740
872
1234
1915
1134
849
52
1216
154
1543
344
397
1133
1363
24
1494
1956
816
336
774
937
1183
551
518
1241
625
1462
676
120
426
517
1025
239
220
59
1774
404
67
334
709
742
927
45
60
532
1041
806
1556
948
1222
498
1660
875
853
960
235
756
1241
653
987
327
1069
36
1036
169
524
1915
1568
701
1983
413
456
276
941
1960
1555
1284
90
58
815
319
1421
449
1135
133
1146
625
100
1274
937
644
476
1582
1186
2000
2000
2000
2000
2000
1999
1999
1999
1999
1998
1998
1997
1996
1996
1995
1994
1994
1994
1993
1993
1993
1992
1991
1991
1991
1990
1990
1989
1989
1989
1988
1988
1988
1988
1988
1988
1988
1987
1987
1987
1986
1986
1986
1986
1986
1985
1985
1985
1985
1983
1982
1982
1981
1980
1980
1980
1979
1979
1979
1979
1978
1978
1978
1977
1977
1977
1977
1977
1977
1976
1976
1976
1975
1975
1974
1974
1974
1974
1974
1973
1973
1973
1973
1972
1972
1972
1972
1970
1970
1969
1969
1969
1968
1968
1968
1967
1967
1967
1966
1965
1965
1965
1964
1964
1964
1964
1964
1961
1961
1960
1959
1958
1957
1957
1957
1957
1956
1956
1956
1955
1955
1954
1954
1954
1954
1954
1953
1953
1952
1952
1951
1950
1950
1949
1949
1949
1949
1948
1948
1948
1947
1947
1947
1946
1946
1946
1946
1946
1946
1946
1946
1945
1944
1944
1944
1944
1944
1943
1943
1943
1943
1943
1941
1941
1941
1941
1941
1941
1940
1940
1940
1940
1939
1939
1939
1939
1938
1938
1938
1938
1938
1937
1937
1937
1936
1936
1936
1936
1936
1936
1935
1935
1934
1934
1934
1934
1933
1933
1933
1932
1932
1931
1931
1930
1930
1930
1929
1929
1928
1928
1927
1927
1926
1926
1926
1926
1925
1925
1925
1925
1925
1924
1924
1924
1924
1923
1923
1923
1923
1923
1923
1922
1922
1922
1922
1922
1922
1920
1920
1920
1919
1919
1918
1918
1917
1917
1917
1916
1915
1915
1915
1915
1914
1914
1914
1914
1914
1913
1913
1913
1912
1912
1911
1911
1911
1911
1911
1911
1910
1910
1909
1908
1907
1907
1907
1907
1906
1906
1906
1904
1904
1904
1904
1904
1904
1903
1903
1903
1902
1902
1902
1902
1902
1902
1902
1901
1901
1900
1900
1900
1900
1900
1900
1900
1899
1899
1899
1899
1899
1899
1898
1898
1897
1895
1895
1894
1894
1894
1893
1893
1893
1892
1892
1892
1892
1892
1892
1891
1891
1891
1891
1891
1891
1890
1890
1890
1889
1888
1888
1888
1888
1887
1887
1887
1887
1886
1885
1885
1884
1884
1884
1883
1883
1883
1882
1882
1882
1881
1879
1879
1879
1878
1878
1878
1878
1878
1878
1877
1876
1876
1876
1876
1875
1875
1874
1874
1873
1873
1873
1873
1872
1872
1872
1872
1871
1871
1871
1871
1870
1869
1868
1868
1868
1867
1867
1867
1867
1867
1866
1865
1865
1865
1864
1864
1863
1863
1863
1863
1863
1862
1862
1862
1861
1861
1861
1860
1860
1860
1860
1859
1859
1859
1858
1858
1858
1857
1857
1856
1856
1856
1856
1855
1855
1855
1855
1855
1855
1855
1854
1854
1854
1853
1853
1853
1853
1853
1852
1852
1851
1851
1851
1850
1850
1850
1849
1849
1849
1849
1848
1847
1847
1846
1846
1846
1846
1846
1846
1845
1845
1844
1844
1843
1843
1842
1842
1842
1842
1841
1841
1841
1841
1841
1840
1840
1840
1839
1839
1839
1839
1839
1838
1837
1837
1837
1837
1837
1836
1836
1836
1836
1835
1835
1835
1834
1833
1833
1832
1831
1831
1830
1830
1829
1829
1828
1827
1827
1827
1827
1826
1825
1825
1825
1825
1824
1824
1822
1822
1822
1821
1821
1821
1821
1820
1820
1820
1820
1819
1818
1818
1818
1818
1817
1817
1817
1817
1816
1816
1815
1815
1815
1812
1812
1811
1811
1810
1810
1808
1808
1807
1807
1807
1807
1806
1806
1805
1805
1805
1804
1804
1803
1803
1802
1802
1801
1801
1800
1800
1800
1800
1799
1799
1799
1799
1798
1798
1798
1797
1797
1797
1797
1796
1796
1794
1794
1793
1793
1792
1792
1792
1792
1792
1790
1789
1789
1788
1788
1787
1787
1786
1786
1785
1785
1785
1783
1783
1783
1783
1782
1782
1782
1781
1781
1781
1780
1779
1779
1779
1778
1778
1778
1778
1777
1777
1777
1777
1776
1776
1775
1775
1774
1774
1774
1773
1772
1772
1772
1771
1770
1770
1770
1770
1770
1769
1769
1769
1769
1769
1769
1769
1768
1768
1768
1768
1767
1767
1767
1766
1766
1766
1765
1764
1764
1764
1764
1763
1763
1763
1762
1762
1762
1762
1762
1761
1761
1761
1761
1760
1759
1759
1759
1758
1758
1758
1758
1758
1758
1758
1758
1757
1757
1757
1757
1755
1755
1755
1755
1755
1754
1753
1753
1753
1753
1752
1752
1752
1752
1752
1751
1751
1750
1750
1749
1749
1749
1747
1747
1746
1745
1744
1744
1744
1744
1743
1743
1743
1743
1743
1743
1742
1742
1742
1742
1742
1741
1741
1741
1741
1740
1740
1740
1740
1739
1739
1739
1737
1737
1737
1737
1736
1736
1736
1736
1735
1735
1734
1734
1733
1733
1733
1733
1733
1733
1732
1732
1731
1731
1731
1730
1730
1730
1730
1729
1729
1728
1728
1727
1727
1727
1726
1726
1726
1724
1724
1724
1724
1723
1723
1723
1722
1722
1722
1722
1722
1722
1722
1721
1721
1721
1721
1721
1721
1721
1721
1721
1721
1720
1720
1720
1720
1720
1719
1719
1719
1718
1718
1718
1718
1718
1717
1717
1716
1716
1715
1714
1714
1714
1714
1714
1713
1712
1712
1712
1712
1712
1712
1712
1712
1712
1711
1710
1710
1710
1709
1709
1709
1708
1708
1708
1708
1707
1706
1706
1705
1705
1704
1704
1704
1704
1703
1703
1703
1703
1703
1702
1702
1702
1702
1702
1702
1700
1700
1700
1700
1700
1699
1699
1699
1698
1698
1698
1697
1697
1696
1695
1695
1694
1694
1693
1692
1692
1692
1691
1691
1691
1691
1691
1690
1690
1690
1689
1689
1689
1689
1689
1689
1689
1688
1688
1688
1688
1687
1687
1687
1687
1687
1686
1686
1686
1686
1686
1686
1685
1685
1684
1684
1683
1683
1683
1683
1682
1682
1680
1680
1680
1679
1679
1679
1679
1679
1679
1678
1678
1677
1677
1677
1676
1676
1676
1676
1675
1675
1675
1674
1674
1674
1673
1672
1672
1671
1670
1670
1670
1670
1669
1669
1668
1668
1668
1667
1667
1666
1666
1666
1666
1665
1665
1665
1665
1665
1665
1664
1663
1663
1663
1663
1663
1662
1662
1662
1661
1661
1661
1661
1660
1660
1660
1659
1659
1658
1658
1658
1657
1657
1657
1656
1655
1655
1655
1654
1654
1653
1653
1653
1653
1652
1652
1652
1651
1651
1651
1651
1651
1650
1650
1650
1650
1649
1649
1649
1649
1649
1648
1648
1648
1646
1646
1645
1644
1644
1644
1643
1643
1642
1642
1642
1642
1642
1641
1641
1640
1640
1639
1639
1638
1638
1637
1637
1636
1636
1635
1635
1634
1634
1634
1634
1633
1633
1633
1633
1633
1632
1632
1632
1631
1631
1631
1631
1630
1630
1629
1629
1629
1629
1629
1629
1629
1628
1628
1628
1627
1627
1627
1627
1626
1626
1626
1626
1625
1625
1625
1625
1624
1624
1624
1624
1623
1623
1623
1622
1622
1622
1622
1621
1621
1621
1620
1620
1619
1619
1619
1619
1619
1619
1619
1618
1618
1618
1618
1617
1617
1616
1616
1616
1616
1615
1615
1615
1614
1613
1613
1612
1611
1611
1611
1610
1610
1609
1609
1609
1608
1608
1608
1607
1607
1606
1606
1606
1606
1606
1606
1606
1605
1604
1604
1603
1603
1603
1603
1603
1602
1602
1602
1602
1602
1601
1601
1601
1601
1601
1600
1600
1600
1599
1599
1599
1599
1598
1597
1597
1596
1596
1595
1595
1595
1594
1594
1594
1594
1594
1593
1593
1593
1592
1592
1592
1592
1591
1591
1590
1590
1589
1588
1587
1587
1587
1586
1586
1585
1585
1583
1583
1582
1582
1581
1580
1580
1580
1580
1579
1579
1579
1578
1578
1577
1577
1577
1576
1576
1575
1575
1575
1575
1575
1574
1573
1571
1571
1570
1570
1569
1569
1568
1568
1567
1566
1566
1566
1566
1565
1565
1565
1565
1564
1564
1564
1563
1562
1562
1562
1562
1562
1562
1561
1561
1561
1560
1559
1559
1559
1559
1559
1559
1559
1559
1558
1557
1557
1557
1556
1555
1554
1554
1553
1552
1552
1551
1551
1550
1550
1550
1550
1549
1548
1548
1548
1548
1547
1547
1547
1545
1545
1545
1545
1544
1543
1543
1543
1543
1542
1542
1542
1541
1541
1541
1541
1541
1540
1540
1539
1539
1539
1539
1538
1538
1538
1537
1537
1537
1537
1536
1536
1536
1535
1535
1535
1534
1534
1534
1534
1533
1533
1532
1532
1530
1530
1528
1528
1528
1528
1527
1527
1526
1526
1526
1525
1525
1525
1525
1524
1524
1524
1524
1524
1524
1523
1522
1522
1522
1522
1521
1521
1520
1520
1520
1519
1519
1518
1518
1518
1518
1518
1516
1516
1516
1516
1515
1514
1514
1514
1513
1513
1513
1512
1511
1511
1511
1511
1511
1511
1510
1510
1509
1508
1508
1507
1506
1505
1505
1505
1505
1505
1505
1504
1504
1503
1503
1502
1502
1502
1502
1502
1502
1502
1501
1501
1501
1501
1501
1500
1499
1499
1499
1499
1499
1499
1498
1498
1498
1497
1497
1496
1496
1495
1495
1494
1494
1494
1494
1494
1493
1493
1493
1493
1493
1493
1492
1492
1491
1491
1490
1490
1490
1490
1489
1489
1489
1489
1488
1488
1488
1487
1487
1486
1485
1485
1484
1483
1483
1483
1483
1483
1483
1482
1482
1481
1481
1481
1481
1481
1480
1480
1480
1480
1479
1479
1479
1478
1478
1478
1477
1477
1477
1476
1476
1476
1476
1475
1475
1475
1475
1475
1474
1474
1474
1473
1473
1473
1472
1472
1472
1471
1471
1471
1470
1469
1469
1469
1469
1468
1468
1468
1468
1468
1468
1467
1467
1466
1466
1466
1466
1465
1464
1464
1464
1464
1464
1463
1463
1463
1462
1462
1462
1462
1461
1461
1461
1460
1460
1460
1460
1459
1459
1458
1458
1458
1457
1457
1457
1457
1456
1456
1456
1456
1455
1454
1454
1454
1454
1453
1453
1453
1453
1453
1451
1451
1451
1450
1450
1450
1450
1449
1449
1449
1449
1449
1448
1448
1446
1446
1446
1445
1445
1444
1444
1444
1444
1442
1442
1442
1441
1441
1440
1440
1439
1439
1439
1439
1439
1439
1438
1438
1438
1438
1437
1437
1437
1436
1436
1436
1436
1435
1435
1434
1434
1434
1434
1434
1434
1434
1434
1433
1433
1433
1433
1432
1431
1431
1431
1430
1430
1430
1430
1430
1429
1429
1428
1428
1428
1428
1427
1427
1426
1426
1424
1423
1423
1423
1423
1423
1423
1423
1422
1421
1421
1420
1420
1420
1420
1420
1419
1419
1419
1418
1417
1417
1417
1417
1417
1416
1416
1416
1416
1415
1415
1415
1415
1415
1415
1413
1413
1412
1412
1412
1412
1412
1411
1411
1411
1411
1411
1411
1411
1411
1410
1410
1409
1409
1409
1409
1409
1408
1408
1408
1407
1407
1407
1406
1406
1405
1405
1405
1404
1404
1403
1403
1403
1403
1402
1402
1402
1401
1401
1400
1400
1399
1399
1399
1398
1398
1397
1396
1395
1395
1395
1395
1394
1393
1393
1393
1393
1393
1392
1392
1391
1390
1389
1389
1388
1388
1387
1387
1386
1386
1386
1385
1385
1385
1384
1384
1384
1384
1383
1382
1382
1380
1380
1379
1379
1378
1378
1378
1377
1377
1377
1377
1376
1376
1376
1376
1376
1375
1374
1374
1374
1374
1373
1373
1373
1373
1373
1373
1372
1372
1372
1372
1370
1369
1369
1369
1369
1369
1368
1368
1367
1367
1366
1366
1365
1365
1365
1364
1364
1364
1363
1362
1362
1362
1362
1362
1362
1361
1361
1361
1361
1361
1361
1361
1361
1360
1360
1360
1359
1359
1359
1359
1358
1357
1357
1357
1356
1356
1356
1356
1356
1355
1355
1355
1355
1354
1354
1354
1354
1353
1353
1352
1352
1352
1352
1351
1351
1351
1351
1351
1351
1350
1350
1350
1349
1349
1349
1348
1348
1348
1348
1346
1346
1346
1345
1345
1345
1345
1345
1345
1344
1344
1344
1343
1343
1343
1342
1342
1342
1342
1342
1341
1339
1338
1338
1337
1337
1337
1336
1336
1336
1336
1335
1335
1335
1333
1333
1333
1332
1332
1332
1332
1331
1331
1331
1330
1330
1330
1329
1329
1329
1327
1327
1327
1326
1326
1326
1324
1324
1323
1323
1323
1322
1322
1322
1322
1322
1321
1321
1321
1321
1320
1319
1319
1319
1319
1319
1318
1318
1317
1317
1317
1317
1317
1316
1316
1316
1316
1315
1315
1315
1315
1313
1313
1312
1312
1312
1312
1311
1311
1311
1310
1310
1309
1308
1308
1307
1307
1307
1307
1307
1306
1305
1305
1304
1304
1304
1303
1303
1303
1303
1302
1301
1301
1301
1300
1300
1300
1299
1298
1298
1297
1297
1296
1296
1296
1296
1296
1296
1294
1294
1294
1294
1294
1294
1293
1293
1293
1293
1292
1292
1291
1291
1291
1291
1291
1290
1290
1289
1289
1289
1289
1289
1288
1288
1287
1286
1286
1286
1285
1284
1284
1284
1284
1283
1283
1282
1282
1282
1282
1282
1282
1281
1281
1281
1281
1280
1280
1280
1280
1279
1279
1279
1279
1279
1279
1278
1278
1278
1278
1278
1277
1277
1277
1276
1276
1276
1275
1275
1275
1275
1274
1274
1273
1273
1273
1273
1272
1272
1272
1272
1271
1271
1271
1271
1271
1270
1270
1270
1270
1270
1269
1269
1269
1269
1269
1267
1265
1265
1265
1265
1264
1263
1262
1262
1262
1261
1261
1260
1260
1259
1258
1257
1257
1257
1256
1256
1256
1255
1255
1254
1254
1254
1254
1254
1253
1253
1252
1252
1251
1250
1250
1250
1250
1249
1249
1248
1248
1248
1248
1248
1247
1247
1247
1246
1246
1246
1246
1245
1245
1244
1244
1244
1244
1244
1243
1242
1242
1242
1242
1241
1241
1241
1241
1241
1241
1241
1241
1240
1240
1240
1240
1239
1239
1238
1238
1238
1238
1238
1236
1236
1235
1235
1235
1234
1233
1233
1233
1233
1233
1233
1232
1232
1232
1232
1232
1231
1231
1231
1230
1230
1230
1230
1230
1229
1229
1228
1228
1228
1228
1227
1227
1227
1226
1226
1226
1225
1225
1224
1224
1223
1223
1222
1222
1222
1222
1222
1222
1221
1221
1221
1221
1220
1220
1219
1219
1219
1218
1218
1218
1218
1217
1217
1216
1215
1215
1215
1215
1215
1214
1214
1214
1213
1213
1212
1212
1212
1212
1212
1212
1212
1210
1209
1209
1209
1208
1207
1207
1207
1206
1206
1205
1205
1205
1205
1204
1204
1204
1203
1203
1203
1202
1202
1202
1202
1201
1200
1200
1199
1199
1199
1199
1198
1198
1198
1198
1197
1197
1196
1196
1196
1196
1196
1195
1195
1195
1195
1194
1194
1194
1193
1193
1193
1193
1192
1192
1192
1192
1192
1191
1191
1190
1190
1189
1188
1188
1187
1186
1186
1186
1185
1185
1185
1185
1185
1185
1184
1183
1183
1182
1182
1182
1181
1181
1181
1181
1180
1180
1180
1179
1179
1179
1179
1178
1178
1178
1177
1177
1177
1176
1175
1175
1174
1174
1174
1173
1173
1173
1172
1171
1171
1171
1171
1171
1171
1171
1170
1169
1169
1169
1168
1168
1168
1168
1167
1166
1165
1165
1164
1164
1164
1163
1162
1162
1161
1161
1161
1161
1161
1161
1160
1159
1159
1159
1158
1158
1158
1158
1157
1157
1156
1156
1156
1156
1155
1155
1154
1154
1154
1154
1154
1153
1153
1153
1153
1153
1153
1151
1151
1151
1150
1148
1148
1147
1147
1146
1146
1146
1146
1145
1144
1144
1143
1143
1143
1143
1142
1141
1141
1140
1140
1140
1140
1139
1139
1139
1139
1138
1137
1137
1137
1137
1137
1137
1136
1136
1136
1136
1135
1135
1134
1134
1134
1133
1133
1132
1132
1131
1130
1130
1130
1130
1130
1130
1129
1129
1129
1129
1128
1128
1128
1128
1128
1127
1127
1127
1127
1127
1125
1125
1125
1124
1124
1124
1124
1123
1123
1123
1122
1122
1122
1121
1121
1121
1121
1121
1121
1121
1121
1120
1120
1119
1119
1118
1118
1118
1117
1117
1116
1116
1116
1116
1115
1115
1115
1114
1113
1113
1113
1112
1111
1110
1110
1110
1110
1110
1110
1110
1109
1109
1109
1108
1107
1107
1107
1107
1107
1106
1105
1105
1105
1105
1105
1104
1104
1103
1103
1103
1103
1103
1102
1102
1102
1102
1102
1101
1101
1101
1101
1099
1099
1099
1099
1098
1097
1097
1096
1096
1096
1096
1095
1095
1095
1095
1094
1093
1093
1093
1093
1092
1092
1092
1092
1091
1091
1091
1090
1089
1089
1089
1088
1088
1088
1087
1087
1086
1086
1085
1085
1085
1084
1084
1083
1081
1081
1081
1081
1081
1079
1079
1077
1077
1077
1077
1077
1077
1076
1076
1076
1075
1075
1074
1074
1074
1072
1072
1071
1070
1070
1070
1069
1069
1068
1068
1067
1067
1066
1066
1066
1066
1066
1066
1065
1065
1065
1064
1064
1063
1063
1063
1063
1063
1063
1062
1062
1062
1062
1061
1061
1061
1060
1060
1060
1060
1060
1060
1060
1060
1059
1059
1059
1059
1059
1059
1058
1058
1056
1056
1055
1055
1054
1054
1054
1054
1054
1054
1054
1053
1053
1052
1051
1051
1051
1051
1050
1050
1050
1049
1049
1048
1048
1048
1048
1048
1047
1047
1046
1046
1046
1046
1045
1044
1044
1044
1044
1043
1043
1043
1043
1042
1042
1042
1042
1042
1042
1041
1041
1041
1040
1040
1040
1039
1039
1039
1039
1038
1038
1037
1037
1037
1036
1036
1036
1036
1034
1034
1034
1034
1034
1032
1032
1032
1032
1031
1029
1029
1029
1029
1029
1028
1028
1028
1027
1026
1026
1026
1025
1025
1025
1025
1024
1024
1024
1024
1023
1022
1022
1022
1022
1022
1021
1021
1021
1021
1021
1020
1020
1020
1020
1019
1018
1017
1017
1017
1017
1016
1016
1016
1015
1015
1015
1015
1015
1014
1013
1013
1011
1011
1010
1010
1009
1009
1009
1009
1008
1008
1008
1008
1008
1007
1007
1006
1005
1005
1005
1005
1004
1004
1003
1003
1003
1003
1003
1003
1002
1002
1001
1001
1001
1001
1001
1001
1000
1000
1000
1000
999
999
998
998
998
998
998
998
997
996
996
996
996
996
996
995
995
995
995
995
995
995
995
995
994
994
994
994
993
993
992
992
992
992
991
991
991
991
991
990
989
989
988
988
988
987
986
986
986
985
985
985
984
983
983
983
983
982
982
982
981
981
980
980
980
980
979
979
979
978
978
978
977
977
977
977
976
975
975
975
975
975
974
974
974
974
973
973
973
973
973
972
972
972
972
972
972
972
971
970
969
969
969
968
968
968
968
968
968
968
967
966
966
966
965
965
965
964
964
964
964
963
963
963
963
962
962
961
961
961
961
961
960
960
960
960
959
959
959
959
958
958
957
957
957
957
956
956
956
956
956
955
955
955
954
954
953
952
952
952
951
951
951
951
950
949
949
948
948
948
948
947
946
946
946
945
944
943
943
943
943
942
942
941
941
940
940
940
940
939
939
938
938
938
937
936
936
936
935
935
934
934
933
933
933
933
932
932
932
931
931
931
930
930
930
930
930
929
929
929
929
928
928
927
927
926
925
924
924
923
923
922
922
922
921
920
920
920
920
920
919
919
919
919
919
917
917
917
916
916
916
916
916
916
916
916
915
915
915
915
915
914
913
913
913
912
911
911
911
910
909
909
909
909
909
909
908
908
908
908
908
907
907
907
907
907
906
906
905
905
905
905
905
905
904
904
903
903
903
903
902
902
902
902
901
901
901
901
900
900
899
899
899
899
898
898
897
897
897
896
896
896
896
895
895
894
894
894
894
893
893
893
892
891
891
891
890
890
890
889
888
888
888
888
888
887
887
887
887
887
887
887
887
886
886
885
885
884
884
883
883
882
882
881
881
880
880
879
879
879
879
879
879
878
878
878
877
877
877
877
876
876
876
876
876
875
874
874
873
873
873
872
872
871
871
871
870
870
869
869
868
868
868
868
867
867
867
867
867
866
866
866
865
865
864
864
863
863
862
862
862
862
862
860
860
860
860
860
860
860
859
859
859
858
858
858
857
857
857
857
856
856
855
854
854
853
853
853
853
853
853
852
852
852
852
852
851
850
850
850
850
850
849
849
848
847
846
846
846
846
845
845
845
844
844
844
843
843
842
841
841
841
841
841
841
840
840
839
837
837
837
837
837
836
836
836
836
835
835
834
834
834
834
834
833
832
832
832
831
831
831
831
829
829
829
829
829
829
829
828
828
828
826
826
826
826
826
825
825
825
824
824
823
823
823
822
822
822
822
821
821
821
821
821
821
820
820
820
819
819
819
818
818
818
818
818
818
818
818
817
816
816
815
815
815
813
813
812
812
812
811
811
811
811
810
810
810
809
809
809
809
808
808
807
807
806
805
805
804
804
804
803
803
803
803
802
802
802
802
802
801
801
801
801
801
800
800
800
800
799
798
798
798
797
796
795
794
794
794
794
794
794
793
793
793
793
793
792
791
791
791
791
791
791
791
790
789
789
788
787
787
787
787
787
786
786
786
786
786
786
786
785
784
784
784
783
782
782
782
781
781
781
781
781
780
780
780
780
778
778
778
778
778
778
777
777
777
776
776
776
776
776
776
776
775
775
774
774
774
774
774
774
773
773
772
771
771
771
771
771
770
770
770
770
770
769
769
769
769
769
769
768
768
768
767
766
766
766
765
765
765
765
764
764
764
763
763
763
763
763
762
762
761
760
760
760
760
760
760
760
759
759
759
759
758
758
758
758
757
757
757
757
757
756
756
756
755
755
755
754
754
754
753
752
752
751
751
751
750
750
750
750
750
750
748
748
748
747
747
747
746
746
746
746
746
745
744
744
743
743
743
743
742
742
742
742
741
740
740
740
739
739
739
739
739
738
738
738
738
737
736
736
736
736
736
735
735
734
734
733
733
733
732
732
732
732
731
731
731
730
729
729
729
729
729
728
728
728
727
726
726
726
726
725
725
724
724
724
724
723
723
723
723
723
721
721
721
721
721
720
719
719
719
719
718
718
718
718
717
717
717
717
717
717
716
715
715
714
714
714
713
713
713
713
713
713
712
712
711
710
710
710
709
708
708
708
708
707
706
706
706
706
706
706
704
703
703
703
703
702
702
702
699
699
698
697
697
697
697
697
696
696
696
695
695
695
695
694
694
694
694
694
693
693
693
693
692
692
692
691
690
690
689
689
689
688
688
688
688
687
687
686
686
686
686
686
685
684
683
683
683
683
682
682
682
681
680
680
680
680
679
679
679
679
679
678
678
678
678
678
678
677
677
677
677
676
676
676
675
675
675
675
674
674
674
673
673
673
673
673
673
673
672
671
671
671
671
671
671
671
670
669
669
669
669
669
668
668
666
665
665
665
665
664
663
663
663
663
663
663
662
661
661
661
660
660
660
660
660
659
659
659
658
658
658
657
657
656
656
656
656
655
654
654
654
654
654
654
654
654
653
653
653
653
653
653
652
652
652
651
651
650
650
650
650
649
649
649
648
648
647
646
646
646
645
645
644
644
644
643
643
642
642
642
642
642
641
641
640
640
640
640
639
639
639
639
639
638
638
638
637
636
636
636
636
636
635
635
635
635
634
634
633
633
633
633
632
632
632
632
632
632
631
631
630
630
630
630
630
630
630
629
629
629
629
628
628
628
628
628
627
627
627
627
626
626
626
625
624
624
623
623
623
622
622
622
622
621
620
620
620
620
620
619
619
618
616
616
616
616
615
615
615
614
614
613
613
613
613
613
612
611
610
610
609
608
608
608
607
607
607
607
606
606
606
605
605
604
603
603
603
602
602
602
600
600
600
599
599
599
599
599
598
598
598
598
597
597
597
596
596
596
596
594
594
594
594
594
593
593
593
593
592
592
592
591
590
590
590
589
589
589
589
588
588
588
587
587
587
586
586
585
585
584
584
584
584
584
583
583
583
583
583
581
580
580
580
579
579
579
578
578
578
578
577
577
576
575
575
574
574
574
573
573
573
573
573
573
572
571
571
571
571
571
571
570
570
570
569
569
568
568
568
568
568
567
567
566
566
565
565
565
565
565
565
565
564
564
564
564
563
562
562
561
560
560
560
559
559
558
557
557
557
556
556
555
555
555
555
554
554
554
554
553
551
551
551
551
550
550
550
549
548
548
548
547
547
546
546
546
546
546
546
545
545
545
544
544
544
543
543
543
543
542
541
541
540
540
540
540
540
540
540
539
539
538
538
537
537
537
537
537
536
535
535
535
535
535
534
534
534
534
534
533
533
533
532
532
531
531
531
530
529
528
528
528
528
528
527
527
527
526
525
525
525
525
525
524
524
524
524
523
523
522
521
520
520
520
519
518
517
517
517
517
517
516
516
516
515
515
515
514
514
513
513
512
512
512
511
511
510
510
510
510
510
509
509
509
509
509
508
508
507
507
507
506
506
506
505
505
505
504
504
504
504
503
503
503
502
502
502
501
501
501
501
500
500
499
499
498
498
498
497
497
497
496
496
496
496
495
495
495
495
494
493
493
493
493
493
493
492
492
491
491
490
490
490
490
490
488
488
488
488
488
488
487
487
487
486
485
485
485
485
484
484
484
484
483
483
482
482
481
480
480
480
480
480
479
479
479
477
476
476
476
476
476
476
476
476
475
474
474
474
474
474
473
472
472
471
471
471
471
471
471
471
471
470
470
470
468
468
468
468
467
467
467
466
466
465
465
464
464
464
463
463
463
462
461
461
460
460
460
460
459
459
459
459
458
458
458
458
458
457
457
456
456
456
456
456
456
456
455
455
454
454
453
452
452
451
451
450
450
450
450
450
450
449
449
449
449
449
449
449
448
447
446
446
445
445
444
444
444
444
443
443
443
443
443
442
442
442
442
442
441
441
440
440
439
439
439
439
439
439
439
438
438
438
438
438
438
437
437
437
437
437
436
436
436
436
435
435
435
435
435
435
435
435
434
434
434
433
433
433
433
433
433
433
432
432
431
431
431
431
430
430
430
429
429
429
428
428
428
427
426
426
426
426
426
426
425
425
425
425
425
424
424
424
424
424
424
423
423
423
423
423
423
423
423
422
422
422
422
422
421
421
421
421
421
420
420
420
419
419
419
419
418
418
418
418
417
417
417
417
417
417
417
416
416
416
416
416
416
415
415
415
415
414
414
414
414
413
413
412
412
412
411
411
410
410
410
410
409
409
408
408
407
407
407
407
406
406
405
405
405
404
403
403
403
402
402
402
402
402
401
401
401
401
401
400
400
400
400
399
399
398
397
397
397
397
397
397
396
396
396
396
395
395
395
394
394
393
393
393
392
392
392
392
392
391
391
391
391
390
390
390
390
390
389
389
389
389
389
389
388
388
388
388
388
387
387
387
387
386
385
385
385
385
385
384
384
384
383
383
382
381
381
381
381
380
380
380
380
380
380
379
378
378
378
378
378
377
377
377
376
376
375
375
375
374
373
373
373
373
372
372
372
372
371
371
371
371
370
370
369
368
368
367
367
366
366
366
366
366
365
365
365
365
364
364
363
363
362
362
362
361
361
360
360
360
360
359
359
359
358
358
358
358
358
357
357
357
356
356
355
354
354
354
354
353
353
353
352
352
352
351
351
351
351
351
350
350
350
350
349
348
348
348
348
347
347
347
347
346
346
345
344
344
343
343
343
342
342
342
342
342
342
341
341
341
341
341
340
340
340
340
339
338
338
338
338
337
337
336
336
335
335
335
335
335
335
335
335
334
334
334
334
334
334
333
333
333
333
332
332
330
330
330
330
330
329
329
329
328
328
328
328
328
328
327
327
327
327
327
327
326
326
325
325
325
324
324
324
324
324
324
323
323
323
322
322
322
322
321
320
320
319
319
319
319
318
317
317
316
316
316
314
314
313
313
313
313
313
312
312
311
311
311
310
309
309
309
309
309
308
308
308
308
308
308
307
307
307
307
306
305
305
304
304
304
304
304
303
303
303
302
302
302
301
301
300
300
298
298
297
297
296
296
296
295
294
294
294
294
293
293
293
293
291
290
290
290
290
288
288
288
288
288
287
287
285
284
284
284
283
283
283
282
282
282
282
282
282
282
281
281
280
280
280
280
280
280
280
280
279
279
279
278
278
278
277
277
277
277
277
277
277
277
276
276
276
276
276
276
275
275
275
275
275
275
274
274
274
273
273
273
273
271
271
271
271
270
270
270
270
270
269
269
269
268
268
268
268
268
267
267
266
266
265
265
265
265
265
265
264
264
264
263
263
263
263
263
262
262
262
262
262
261
261
260
260
260
259
259
259
259
258
258
257
257
257
256
256
255
255
255
255
254
253
253
253
253
253
252
252
250
249
249
249
249
249
249
249
248
248
248
248
248
248
248
248
247
247
247
247
247
246
246
246
245
245
245
245
244
244
242
242
242
242
242
241
241
241
241
240
240
240
239
239
239
239
238
238
238
238
238
238
238
237
237
236
236
236
236
235
234
234
234
233
233
233
233
232
231
231
231
231
230
230
230
230
230
228
227
227
227
227
227
226
226
226
226
225
225
225
225
224
224
224
224
224
223
223
223
223
222
222
222
221
221
221
221
221
220
220
219
219
219
218
218
218
218
218
217
217
217
216
216
215
215
215
215
214
214
214
213
212
212
212
211
211
211
211
211
210
209
209
209
208
208
207
207
207
207
206
206
205
205
204
204
204
203
203
202
202
202
202
201
201
201
201
201
201
201
200
200
200
199
199
199
199
199
198
198
198
197
197
196
195
195
195
195
195
194
194
193
193
193
192
192
192
191
191
191
191
190
189
188
187
187
187
186
186
186
186
185
185
184
184
184
184
184
183
183
183
182
182
181
181
180
180
180
180
179
179
179
179
178
178
178
177
177
177
177
177
176
175
174
174
174
173
173
173
172
172
171
171
171
170
169
168
168
168
168
167
167
166
166
166
166
166
165
165
165
164
164
164
164
163
163
163
162
161
160
160
160
160
160
160
160
160
159
159
159
159
158
158
158
158
158
158
158
157
157
157
157
157
157
156
156
155
155
155
155
155
154
153
153
152
152
152
151
151
151
150
150
149
149
148
147
147
146
146
146
146
146
145
145
145
145
144
144
143
143
143
143
141
141
140
139
139
139
139
138
138
138
138
138
138
137
137
136
136
136
135
135
135
135
135
135
133
133
133
132
132
132
131
130
130
130
130
130
129
129
129
128
128
127
127
127
127
127
127
126
126
126
126
125
124
124
123
123
123
122
122
122
121
121
121
120
119
119
119
119
119
118
117
117
116
116
115
115
114
114
114
113
113
112
112
112
111
110
110
110
110
109
109
109
109
108
108
107
106
106
105
105
105
104
104
103
102
101
101
101
101
101
101
99
99
99
99
98
98
97
97
97
97
97
97
96
96
96
95
95
95
95
95
95
95
94
94
94
94
94
93
93
93
92
92
91
91
90
90
90
90
90
90
89
89
88
88
87
87
86
86
86
86
86
84
84
83
82
82
81
81
80
80
80
80
79
79
78
78
78
77
76
76
76
76
76
75
75
75
75
74
73
73
73
73
73
73
72
72
72
70
70
69
68
68
68
66
66
66
66
66
66
65
65
65
65
65
65
65
64
64
63
63
63
63
62
62
62
62
62
61
61
61
60
60
59
59
59
57
57
57
57
57
56
56
56
56
55
54
54
53
53
53
53
53
53
52
52
52
51
51
51
51
50
50
49
49
49
49
48
48
48
48
48
48
47
47
47
46
46
45
45
45
44
44
44
43
43
42
42
42
42
42
42
42
41
41
40
40
40
40
39
39
38
38
38
37
37
36
36
36
35
35
35
34
34
34
33
33
33
32
32
32
32
32
31
31
31
30
30
29
29
27
27
27
27
27
27
26
26
26
25
25
25
25
25
25
24
24
24
23
23
23
23
23
23
22
21
21
20
20
20
19
18
18
18
18
18
17
17
17
17
16
16
16
16
16
15
15
15
14
14
14
14
14
13
13
12
11
11
11
11
11
11
10
10
9
9
9
9
9
8
8
8
8
7
7
7
6
6
5
5
5
4
4
3
3
2
