7000
1140
1924
422
1576
1637
876
1556
266
1144
1975
951
1573
1101
1905
1103
493
350
1055
416
33
1688
409
1642
1112
283
36
1247
100
1420
344
1094
1226
421
1717
1297
660
219
1046
1296
434
70
725
1490
1802
1173
1740
1638
8
1896
318
1245
1699
755
1237
1073
639
1755
901
1006
1876
196
1403
889
82
1581
1690
1410
561
776
248
1133
1126
942
695
1508
398
1928
1117
552
986
269
559
1378
695
188
1146
1999
1572
518
116
719
1954
1081
916
548
1145
575
117
601
691
1372
584
1985
1251
1438
1425
1191
1502
478
1042
350
1870
1821
99
1930
22
382
1915
735
165
570
1828
399
123
1163
1218
420
188
1387
1432
422
1041
1060
530
960
1591
969
956
1759
691
682
1624
1794
292
1305
575
1061
1941
1009
1175
423
133
535
239
645
1841
700
1231
341
488
301
1368
207
1228
1502
158
246
1695
549
814
1322
959
275
181
995
518
511
592
1552
1111
810
1468
1164
435
220
846
204
953
1485
649
1682
1346
663
1302
1992
1774
1222
650
561
239
567
1297
630
1784
1856
285
430
1241
670
313
1649
485
979
655
1135
973
803
135
335
1127
251
838
1886
616
428
833
989
1262
330
560
1867
374
1858
304
378
1067
1454
337
661
735
1155
666
280
186
1451
1061
1811
814
1007
1172
1760
346
239
762
1422
918
463
1053
1361
1347
52
1195
1861
42
1997
231
1503
162
215
1375
1939
1220
1643
932
1122
1732
671
1090
493
907
36
1257
1883
1109
1300
1397
1744
1322
254
1084
1105
1492
1268
574
790
793
860
1045
1474
223
1911
898
1698
909
1251
1530
1215
644
117
659
1628
1184
370
791
303
159
467
1397
1389
1110
212
234
1041
1463
1837
1182
157
1031
1724
1278
1322
659
1497
600
913
1051
1159
819
941
1844
95
1198
1892
1840
1539
1542
1742
5
1008
1612
643
1555
1339
1328
1532
184
615
1816
1324
425
1945
1993
1756
835
1823
1166
1827
163
585
1574
1073
269
925
1316
1536
699
526
1058
1387
762
642
74
1468
474
576
632
511
526
758
942
1468
1566
1263
994
1408
1521
1032
104
1666
1947
1000
1334
724
1546
214
1613
1659
1931
1815
1531
1268
31
1014
476
736
122
312
757
510
1575
475
1140
1908
865
1733
1291
924
1327
1625
1843
680
1480
813
1751
94
1889
1784
1190
297
988
116
1529
92
1855
693
107
413
1088
633
634
466
1505
54
318
1578
1779
1049
1618
1991
873
1237
1526
35
944
1165
859
982
1213
452
482
136
1635
9
1112
919
1778
364
1707
168
1650
1657
4
1010
1238
789
1042
768
1305
702
242
551
861
734
926
1235
756
1600
1011
43
1712
1045
237
1900
1456
265
880
1225
762
744
539
99
1509
413
1351
199
1449
37
94
907
1660
1132
895
563
1381
385
519
1561
17
659
439
922
1658
159
1738
4
318
162
1378
1108
1373
9
1938
1022
496
623
196
1322
305
1602
18
1982
853
1100
90
1035
1889
1274
36
606
1359
328
348
1364
1123
1223
1512
1387
1823
614
1
687
1494
1423
52
1495
1046
189
1413
278
335
89
1827
1381
702
1630
1448
1339
1025
1922
394
688
287
1640
27
1401
1484
1667
1424
1894
1371
1335
369
1279
717
1996
1306
860
1993
359
982
746
1963
845
965
939
34
432
529
1075
1108
397
1215
1355
1069
1682
398
242
1932
1070
1828
313
627
332
608
1653
909
758
685
624
1431
1729
1934
1901
1530
754
329
1815
1733
424
420
11
1098
803
425
1737
163
1502
1778
1079
1900
420
1547
1578
223
707
730
790
1017
1147
533
1951
1457
1792
636
698
1232
1770
1311
1125
1751
450
581
1714
685
1918
1319
1850
1422
1128
762
214
1198
1768
1609
609
1910
554
700
1043
1202
784
43
1245
1601
862
621
1571
901
1181
322
729
997
539
1999
607
1015
1228
427
613
1275
334
907
1406
1385
154
113
1041
574
1764
1325
1630
1137
1749
1465
913
240
779
172
853
1085
1597
1954
1445
304
1384
1495
1229
888
121
514
899
1644
865
1788
289
803
1755
1612
97
1740
1331
58
1189
66
1245
1052
296
1278
1920
1994
1005
1769
187
1112
387
1904
984
1647
1057
849
296
29
1116
631
1724
1168
48
415
675
1530
1492
524
646
564
314
1172
115
570
1166
1057
1404
267
899
1322
1673
322
48
1402
1012
996
1646
333
1386
400
212
1643
1317
30
1112
833
534
1055
153
873
401
1990
749
1212
1539
1431
1175
1741
285
51
1106
739
1061
1743
1790
1471
1784
1979
782
76
1536
1087
1457
384
1930
1608
733
668
605
305
902
66
427
1467
1829
1372
1296
1887
1104
1257
795
338
992
1973
1214
1944
1501
1288
689
1178
245
977
107
1275
61
1319
410
654
314
510
1120
1327
12
572
173
736
488
527
221
218
920
1135
1452
469
492
982
945
1469
1993
341
813
1557
1554
688
1111
1967
1194
1149
93
1471
809
1273
172
843
242
1704
1612
1531
1730
317
801
1929
1313
1136
833
182
637
117
1947
1110
555
1326
316
1916
446
19
1075
1967
457
1081
338
1619
1995
111
305
647
1583
411
1510
1009
1816
1844
411
163
1990
293
382
1826
1096
1389
1858
601
1258
1113
614
1950
1996
1297
997
613
1308
854
292
1621
764
9
1758
1003
767
667
1263
83
1812
83
1723
1451
1588
1675
356
694
1783
1597
1424
201
265
182
1827
1281
1940
1735
1819
960
1996
1998
1912
1813
343
1716
1178
558
1167
657
128
1943
1902
73
393
261
813
1182
1188
992
1244
400
889
770
715
1747
1194
44
768
229
1508
1766
256
927
292
1521
1246
554
1162
1449
558
1029
600
1996
903
217
1519
663
1249
452
1676
1706
1170
1167
1677
1825
1710
508
1659
1468
186
337
1828
475
1299
150
29
878
530
42
164
365
524
1482
1870
1738
482
459
829
1901
1637
1219
1662
1625
1640
1592
32
1143
1617
1051
1759
1984
1367
267
1809
1964
149
1881
166
1619
15
479
1018
1874
1076
791
748
1692
621
1734
405
490
1474
1367
1805
1746
875
1092
114
1588
1118
1007
859
1950
559
1550
1469
1257
1672
1956
1170
393
239
1040
287
1462
813
1114
1978
1595
431
1556
1803
822
979
1363
903
1094
1300
953
1328
315
762
1624
552
634
742
523
339
582
321
1771
1959
769
1152
1300
1678
1416
828
1113
1917
906
862
1225
252
993
1579
1388
276
686
1422
777
1536
603
723
73
1354
1382
1531
744
1238
374
947
172
104
329
669
408
528
180
1060
1771
338
576
1419
561
821
1458
1418
1090
1805
175
860
792
257
1312
1234
1972
163
1491
248
232
1561
1450
1850
816
915
1644
553
715
129
1197
73
1895
1498
1209
1970
1789
1361
215
612
264
1509
111
231
1749
940
502
1790
130
567
997
1679
739
475
1767
457
505
1541
547
890
1234
588
1122
129
467
1844
783
1576
1114
1346
104
124
111
815
1591
685
1851
793
197
1504
1468
1535
1550
1450
735
97
936
939
538
1325
1871
365
116
201
1442
471
275
1494
1149
507
1157
1889
1395
734
317
831
778
829
1451
1938
1023
896
729
1728
55
1689
381
336
1102
972
300
651
937
491
1170
1607
1765
1535
628
1087
1148
75
1452
1205
1451
1000
1108
649
1130
50
921
1603
428
269
980
1881
1803
807
1054
872
1842
1460
1226
816
1445
296
795
1203
1667
394
129
279
915
90
467
1233
824
738
71
795
627
1739
1524
220
1795
1918
748
577
1610
482
282
497
1234
980
1254
1058
177
287
1976
1184
1041
1056
1219
1597
812
535
1031
795
554
305
1193
654
303
662
364
35
718
539
346
1872
1367
1990
1663
546
967
1889
11
1088
1255
34
1900
875
1207
45
23
1765
171
797
574
1478
1169
825
1019
1016
314
1682
1811
468
1811
1034
207
536
401
1868
1927
1389
751
1738
821
61
797
218
386
17
1070
1504
149
1536
1713
1781
1376
1080
600
204
111
170
1568
1578
268
1361
833
1229
962
1364
689
1075
291
1197
1586
1877
242
596
1918
517
1760
1952
1016
872
1081
1860
1833
1532
140
1282
1038
1869
1242
1022
1098
1941
270
1406
295
1511
1249
625
1431
1155
140
1570
883
2
1281
1432
668
117
1211
1890
650
601
1354
910
1502
1110
1393
1351
1714
826
1085
974
1841
290
749
1785
1957
1570
886
1086
1729
1302
1893
1136
843
760
915
1382
1498
1627
1480
1861
817
119
1123
1430
974
76
675
1197
1452
1586
1234
1117
504
804
1254
559
207
1629
1358
1224
1497
1400
1457
826
1900
980
1750
747
1867
1798
485
86
636
822
661
513
1199
606
694
1572
530
835
1231
1470
429
1242
1397
83
351
228
1171
429
142
1514
1587
906
1144
1173
1777
1368
1419
1222
1232
568
1794
976
1964
1592
1874
493
1850
1994
1860
567
1752
324
182
547
1601
1259
1536
692
602
81
1383
1229
304
1607
70
607
274
1143
910
473
1310
134
511
1592
1067
993
271
1194
1874
809
1389
302
254
957
1667
244
1477
97
482
1140
115
1827
965
767
992
1753
90
127
1528
1892
139
1249
1120
315
828
56
1163
928
339
999
1929
1445
143
689
1711
150
1755
24
703
1962
1079
1856
511
611
328
1025
1913
1632
1225
895
893
451
1896
1016
1654
644
1724
510
312
1787
754
386
287
624
445
1057
446
230
588
1276
1805
1527
97
1983
821
332
303
525
1556
666
1359
640
1260
874
1602
958
242
268
907
358
1841
1007
1964
1474
515
1301
236
982
1061
1205
1049
837
545
1565
1127
1279
1865
325
477
1716
1847
713
666
1394
446
196
573
1261
342
124
536
711
1932
1201
64
642
1485
1868
1439
1690
335
330
888
473
460
586
592
1803
1134
107
1354
603
1941
460
1530
1259
557
1881
1125
1504
1452
355
1064
31
764
1583
475
1457
1918
731
312
1264
527
1966
1424
664
1021
167
1349
1465
760
1954
1791
1651
1646
1796
18
1585
956
687
313
390
187
620
697
959
390
1046
581
1547
1221
928
726
795
1421
1869
662
20
1478
1308
851
1667
1804
1703
1684
593
77
1731
1956
1762
906
1276
645
971
567
312
461
2000
1119
1868
1167
1297
1071
357
2000
535
1854
67
1710
1686
432
1970
186
182
1134
1210
414
819
709
812
1626
1822
1598
794
1060
1693
29
1503
1682
1338
755
1100
261
1759
1798
1987
858
1015
1689
1054
1862
1758
589
1656
469
1153
1557
1682
246
331
371
73
1288
1256
226
185
1105
533
863
1195
1510
474
984
242
90
1540
590
866
525
604
111
130
547
1297
1021
1477
259
796
1640
1639
1213
1155
998
31
1630
352
1250
1764
900
1076
1021
354
1808
1402
492
611
502
1648
1482
264
934
303
139
47
501
1266
1925
139
1482
1337
1545
1282
1205
1254
1846
1922
287
309
1498
1484
237
909
1698
857
1303
1408
304
546
1971
1871
190
268
1710
1178
1288
142
439
149
1205
416
1646
1449
945
188
1186
839
589
922
803
1687
569
904
888
23
119
647
1691
1013
1066
324
752
241
1158
432
623
802
1751
1152
539
1243
1345
1377
1283
1980
1548
1710
366
1988
172
236
487
1715
254
111
189
301
565
1743
1381
905
1046
1912
1206
929
42
1373
1977
1597
1649
125
1925
23
338
1000
861
528
630
56
962
63
541
1625
103
1412
1692
922
674
1110
479
746
1812
1159
1327
1157
1999
1368
883
1950
1804
704
44
789
851
1306
893
647
1843
739
833
1262
468
5
467
234
1815
868
1910
188
1814
1100
1578
44
512
55
177
1639
1458
1094
1596
1704
1727
1370
1568
1940
1014
1090
121
1416
1224
1432
1416
1689
289
1493
1472
242
1180
1018
891
612
1696
1077
1477
932
1002
340
618
1528
1300
842
1766
417
1781
348
613
41
1275
1190
413
698
24
780
384
1030
1186
248
440
1182
126
1031
23
1577
1445
1909
1898
1699
558
1291
396
57
1970
203
409
338
98
134
366
1350
1296
1679
557
810
520
639
812
1175
780
25
7
953
33
1919
1906
1302
882
247
608
840
1606
1953
1056
203
860
1797
1813
680
460
1069
1237
921
991
119
852
534
285
348
1101
1494
259
910
59
348
142
1449
1839
324
1847
1041
978
1126
1851
1382
1552
1163
846
947
284
481
823
401
247
492
984
1796
1384
1296
1092
128
483
147
1516
1841
1440
934
1797
1960
1406
1292
850
303
1342
507
2
1738
1652
374
1798
705
737
1458
1425
1819
762
1908
1568
837
1630
678
1934
1450
1712
1432
514
373
1844
1811
1824
263
1341
1539
811
605
600
1226
1237
1372
1770
239
818
1368
1653
1472
1284
197
459
632
227
1776
761
879
937
226
32
1434
1049
715
324
918
1971
1539
1316
588
140
1611
543
861
1646
260
1295
872
1399
1638
1429
1323
336
466
495
1814
759
74
38
1488
463
1633
1144
1543
1823
1723
1016
1189
1076
862
887
274
772
17
1894
1167
1247
151
445
1504
983
1536
1235
913
346
214
617
515
473
1172
994
424
1699
1968
642
822
1022
1947
1173
995
483
588
552
1666
1857
571
1556
840
1646
1341
41
202
1322
1822
697
1324
1685
199
1515
625
1868
757
1380
361
1786
842
494
1530
166
1034
852
1737
1325
1764
1739
1080
1663
427
1127
357
1006
1674
1984
1877
1392
998
12
294
1164
413
976
333
1709
1405
469
35
408
1152
50
237
1215
1515
1996
1868
875
1604
1503
705
799
1004
1467
827
1247
554
757
834
1286
1714
427
1764
1234
372
1057
262
1948
422
858
775
1063
328
1693
858
1168
50
1153
476
601
37
1581
1754
1257
812
1981
1032
934
1352
296
1014
52
503
192
1960
899
1882
500
1404
1514
335
1080
1884
1556
1546
1812
972
581
994
323
1842
964
1161
165
352
233
792
1012
1119
1752
1879
1441
837
1017
947
1548
114
897
123
1452
526
1752
183
1344
519
251
148
1976
1466
44
279
972
1713
1019
1304
1938
552
1184
1011
1858
1777
794
124
1692
1974
507
303
1988
1414
1667
1399
169
3
717
1593
259
449
739
1189
884
1693
662
1911
869
1669
1720
177
1113
24
1341
933
1682
1656
329
896
1314
723
74
1243
1916
268
1959
1094
88
1704
698
353
136
1840
743
1656
1935
331
1131
135
1037
968
420
528
1108
1615
1737
273
666
1257
1085
747
157
1292
1808
813
405
1500
1259
1427
1013
877
280
678
286
57
583
794
1025
203
1430
659
766
1603
827
1717
1702
1007
1312
861
734
62
464
1704
1090
1942
1241
613
969
79
1347
569
1027
434
484
1371
531
1304
1051
1474
861
1180
597
1561
1840
143
1802
1586
1469
270
405
340
415
1845
1354
604
1233
230
1215
106
213
1844
93
1701
301
1625
1568
749
198
1336
351
1636
1286
299
325
917
332
205
602
1771
773
1891
1530
1077
663
1531
375
433
1092
774
1337
1224
1947
1218
534
679
92
272
486
1731
763
944
1494
900
424
150
86
599
1710
550
1338
1272
1598
1855
317
1078
733
367
452
33
101
60
257
1615
1419
174
503
1908
591
1982
1204
1827
460
99
1462
304
928
1369
1815
1756
1226
91
1300
143
845
1961
1627
387
1186
1660
697
763
45
1735
1978
76
395
1640
1644
1485
56
1021
1940
362
886
174
1716
968
985
1677
1153
63
1083
1986
467
1950
1690
498
1454
122
764
1496
374
86
274
1814
246
1019
1690
1222
897
1694
604
1544
1452
997
1319
695
1986
223
1070
462
71
1765
1998
440
192
293
1301
1173
1359
225
66
1599
1543
438
401
786
572
454
1601
778
1304
1114
13
1663
1798
500
316
774
194
1966
164
801
1645
1493
758
1037
596
330
633
995
641
1155
1484
624
5
601
829
155
1226
1918
879
826
1737
331
317
1237
428
844
675
980
462
918
1660
270
338
1556
236
1339
1660
1096
283
774
1786
307
1436
1957
974
42
290
1721
82
1422
1296
606
1116
1675
317
1360
1586
1737
1759
380
1231
31
122
865
787
819
1526
931
1089
1794
540
1385
1178
606
94
1226
654
774
841
867
879
706
62
1938
590
590
1787
1746
1909
1102
1195
1314
839
1438
1158
1070
133
1432
1100
83
1104
347
1486
24
1918
307
1614
1698
1197
1072
685
1805
1387
1008
1543
1981
461
952
341
762
52
363
1649
302
47
1890
1401
375
127
641
536
878
868
1330
1999
479
1614
823
1338
1834
1747
1252
343
61
982
1453
722
1113
1603
625
435
258
1210
1423
52
121
1036
1997
1898
277
760
60
12
1229
477
748
172
1253
1619
501
533
1721
352
743
4
335
192
442
1641
136
1744
489
1784
953
54
1881
1247
1719
1183
822
1085
1927
454
90
12
410
307
230
1714
502
1322
776
713
509
746
1843
1554
1415
1027
37
1916
778
1147
254
1913
28
363
1526
1976
288
1583
1701
303
1058
1447
1759
657
1750
81
160
1907
579
619
52
1198
1831
996
584
1259
1327
71
984
350
1067
1512
324
1299
680
776
1842
704
1725
42
1037
1281
929
1089
150
636
1576
195
1772
183
1471
655
1710
1165
640
1692
382
1900
2
708
1530
424
1320
855
965
130
27
243
222
1015
280
1806
1989
1912
1703
777
1598
1692
130
1582
803
1373
18
127
1757
636
1647
548
210
1992
1176
450
656
1726
330
55
1207
824
260
1650
374
834
388
71
587
1978
1986
370
1434
1962
122
380
110
517
1348
1469
374
21
585
1388
878
496
1206
1494
1614
291
1909
163
1136
1583
306
719
228
8
1778
1112
216
754
1783
732
610
587
1335
456
994
775
1359
244
1663
369
811
604
1478
1356
1229
6
933
897
1118
434
533
149
550
104
205
821
1761
616
1382
1933
734
1069
1507
309
58
172
738
1575
150
826
1711
1227
358
1126
531
1589
1407
666
1909
726
1768
1080
1438
1648
136
532
187
29
340
74
1097
1956
809
1156
340
119
1309
986
1009
726
1364
555
1559
1394
15
1299
1191
1211
822
1219
530
90
481
1069
905
115
1754
1698
552
1089
903
205
588
943
1110
1135
476
1488
464
1666
879
19
399
807
1452
1785
1099
436
411
535
1998
1154
434
1904
552
421
651
1472
1708
519
855
1272
181
108
1319
1174
1895
663
1606
1272
698
1357
212
688
905
1074
824
527
836
1156
1782
1285
1544
132
273
191
1017
522
1722
619
1586
48
1866
21
1004
98
1621
994
574
890
591
482
616
1464
1272
1245
477
758
978
487
823
1203
909
62
1571
2000
709
694
335
615
1905
439
738
1546
1763
428
343
141
1575
98
1390
1526
404
1326
605
1779
261
691
659
742
1187
229
1318
216
1633
83
1583
630
1849
1119
5
503
1994
1261
294
450
502
1381
1070
1450
1317
595
1507
1987
1351
1878
1605
1573
1688
1428
235
928
1993
1539
1385
1939
574
1233
764
198
1819
1547
137
557
1112
247
1459
1241
409
1270
1979
1135
1987
3
1963
1861
170
1094
1300
176
258
497
782
265
1759
1416
1894
486
1432
362
1656
1210
1956
171
1688
1784
303
876
1229
1930
115
624
43
1363
1098
1432
1417
758
599
1440
364
1715
382
1373
1075
1356
1246
681
418
953
1923
776
1187
1753
435
1567
283
516
1423
1423
816
697
239
1831
332
243
931
862
1205
512
1976
966
328
363
1166
1168
1804
525
1457
1387
674
1028
1314
1236
323
513
1742
975
940
1301
1188
796
1191
356
1925
1447
152
1659
958
1941
1396
1298
17
325
1156
385
582
1960
1427
1621
1013
226
402
956
1159
549
802
847
1157
1131
1855
1599
2000
1643
1272
1468
1811
272
1525
1123
67
1566
1424
1517
1410
1889
397
1307
887
1223
1329
930
869
1379
1959
1838
920
131
346
781
1533
612
67
1716
1020
627
1756
1390
1568
1225
1137
1418
566
1611
889
1259
75
779
1725
865
197
1612
971
1946
1137
207
252
874
1308
819
825
1028
1984
675
1496
991
963
1107
1306
801
832
344
356
260
1710
88
1926
1936
1534
51
588
1069
331
81
73
1632
1319
1853
450
71
1745
915
1083
1502
783
1720
966
1102
1649
1080
1055
802
1308
1060
1491
678
891
931
1167
1132
1235
1721
622
1706
444
1648
1274
536
1265
1502
1968
1684
1161
1399
1327
418
1021
294
1240
1906
1659
1455
1950
470
654
830
205
43
1418
703
1267
484
944
1413
1372
799
1103
492
622
1442
1312
818
1064
493
1555
1289
1761
1623
614
1523
288
1405
962
1367
1007
460
1914
233
952
9
335
245
1657
620
23
861
1176
1702
1250
219
1521
1810
437
481
1393
568
853
51
355
751
429
1786
398
433
463
1249
98
1737
748
1966
1443
1372
1432
788
66
489
1567
716
1390
1978
1307
46
771
399
365
1293
1510
1577
906
1577
1124
81
1731
1750
679
1524
1743
175
1119
1660
1003
1699
274
79
1082
533
1399
551
1780
807
1193
1990
473
1506
1205
92
1138
75
146
182
1579
1133
677
809
172
1191
415
1088
1222
1384
31
925
169
1769
44
949
1494
246
171
1871
1651
426
1098
748
841
265
263
1200
205
143
1436
106
870
794
1927
1667
1990
1776
1019
1612
534
815
795
264
686
704
911
1331
1895
297
1999
1704
743
176
1936
227
488
668
1681
254
963
1939
1359
652
1874
348
1127
1255
1186
337
200
1787
38
278
268
424
252
1201
1543
1567
682
161
349
1463
917
1130
373
137
992
1919
1780
281
1062
1431
1238
1147
119
102
1568
1114
1544
522
373
209
986
1359
114
895
630
1216
699
728
311
1748
533
767
368
949
693
1963
619
1506
1834
1877
1802
772
670
1705
1078
856
1922
875
99
1276
645
291
489
848
1582
438
1241
777
649
17
725
1327
1496
103
936
1035
1256
1705
700
50
1495
949
1035
1323
767
630
654
1953
800
1434
1823
1800
1303
491
649
383
85
35
1334
18
1993
105
637
1765
394
513
1443
206
662
1048
1509
688
1913
1096
1753
989
158
1902
859
614
1856
229
536
902
610
894
716
1754
672
133
131
1179
1460
1216
664
1783
1436
1560
1417
1323
942
1686
1775
932
1385
932
1497
1045
809
948
1402
1640
1328
1622
764
1623
176
552
564
1869
1461
1808
321
1540
1709
1768
1598
1560
325
1537
1736
1380
1486
579
829
1655
649
1615
568
1382
58
1726
179
1049
1464
1421
1183
464
1688
575
1631
1571
1725
1550
338
1265
932
518
1016
1559
68
1143
1028
316
1904
193
1281
306
1829
272
1137
803
38
1698
1584
243
548
647
159
228
368
1631
136
1551
446
462
1373
1287
711
558
1324
1782
1639
162
1096
1200
785
1586
1262
984
1084
257
1108
760
203
389
1246
47
1222
1340
337
1971
1362
430
971
565
157
1000
1828
1465
89
1899
638
501
752
519
1394
204
1583
1860
1138
632
1910
1896
1082
1412
106
303
1148
610
594
1267
800
484
1802
1364
1704
216
727
663
1632
1711
957
1664
1385
1321
1821
1216
1595
845
1736
1869
874
652
130
1435
841
875
785
1273
1769
1664
1226
1257
449
1559
1892
1418
1390
396
561
407
1497
974
192
1994
1350
50
1644
121
1623
365
1813
1942
1675
700
164
686
1717
1150
1954
1110
1080
1020
895
1214
639
1812
1129
1336
204
300
837
1069
674
619
648
1241
736
1362
20
1279
1600
223
1559
1944
1758
1414
1201
744
161
1469
1090
163
1322
797
1955
1132
133
1113
444
1018
1070
727
336
522
1533
239
532
1453
1569
1637
8
7
678
1380
1368
1064
1117
576
1394
1153
1911
13
1178
330
412
233
94
666
1183
537
502
890
491
1705
225
322
1788
309
1449
255
1329
1347
424
267
1369
625
334
1058
1111
1496
1632
1546
1562
1418
1050
207
558
1354
710
1629
1565
1210
1247
1795
939
94
1017
129
1094
1264
904
306
424
392
1606
963
3
1672
1802
511
413
520
1161
1313
649
976
52
1186
1086
1467
377
511
318
1244
575
395
888
551
1120
1067
706
516
1502
1864
99
553
218
7
843
133
856
667
1966
1113
1810
1448
912
817
176
462
1399
1433
1298
1799
1892
384
961
682
285
761
1608
1607
1948
960
610
1386
145
732
478
1772
1748
1393
1761
129
285
1921
1743
1016
372
911
1388
596
1175
1274
1311
1600
1592
286
465
1911
1666
1402
1994
588
1182
1787
1865
106
15
1309
1910
169
934
1211
510
1186
243
762
447
59
963
1460
987
356
421
1120
636
392
218
672
873
671
734
1014
1250
303
131
1371
825
647
252
863
1353
1601
292
589
1004
540
1175
1974
1609
204
1327
333
1304
1
515
1969
176
1946
1246
1485
1389
867
252
605
881
203
1590
815
345
402
1
711
676
1936
1598
346
324
1962
250
211
305
298
807
1027
1559
789
47
1159
672
1705
1327
1109
1796
1079
810
462
1829
25
1768
491
414
307
1125
966
1487
101
865
127
442
1987
1449
1807
1404
427
48
806
637
930
479
1539
956
1653
1439
924
1629
1859
327
1507
1398
1715
680
442
1498
1499
1806
1270
88
1476
760
1110
326
1866
1891
136
1095
118
897
1457
636
1525
1741
451
643
389
1988
1787
72
1345
1541
173
280
456
647
652
995
1686
1994
1854
287
1220
1589
1300
459
1372
452
829
1545
810
43
1337
1644
129
1323
1044
992
1400
1817
1912
1471
1573
710
809
1301
1492
1563
537
818
657
604
398
1919
543
741
1118
1551
576
1206
1384
1321
1655
545
1031
1158
308
995
1468
1951
510
1621
103
794
681
1018
1544
478
105
1639
61
497
151
1885
1194
177
205
825
111
1245
1382
874
585
1369
770
1513
1285
1424
1859
2000
498
1382
915
1602
1465
568
917
400
420
1071
1689
500
181
917
598
628
345
22
926
970
1873
1143
1705
1196
1315
50
661
1644
69
1184
1828
22
681
1066
1935
718
1656
350
81
606
348
1759
1761
1200
1196
1137
395
1265
229
826
1822
990
56
571
396
282
297
410
1175
522
602
992
1920
1588
1746
432
1933
46
765
1314
1573
1219
1049
1888
740
76
1626
733
1401
279
1965
621
1023
1200
418
1971
736
585
142
263
556
385
1096
305
1608
1063
37
1512
591
268
1431
647
1678
1464
1202
1249
833
1921
1629
1544
64
1012
1051
433
1626
1504
925
633
648
1060
1970
318
973
604
1520
1069
382
269
1056
655
1255
304
516
369
1597
1589
1531
619
276
480
134
1160
1022
1995
259
447
243
381
1098
356
1049
1415
568
61
1426
1067
105
99
866
481
1581
1425
455
954
273
5
686
1553
1048
877
1244
147
1063
1322
437
1776
148
1051
1231
1058
1382
303
788
1715
1061
1377
689
812
560
103
219
392
1732
176
1489
917
987
1985
1223
1430
1162
113
13
729
1740
1457
834
227
1713
1901
1864
742
1976
1821
102
1836
1123
1197
398
1853
1498
287
1809
1645
804
616
1435
399
1821
55
981
116
856
91
1642
417
94
1857
317
1044
1558
1781
654
1045
729
1231
230
1142
1742
1776
318
1827
1702
402
173
1156
981
188
352
844
926
1565
672
1065
145
1477
1032
397
981
856
545
453
1211
535
930
803
390
466
302
1164
269
627
1989
310
280
1329
328
1688
1238
1631
550
558
1157
192
561
497
384
22
1916
1916
477
1708
1697
1147
1692
1621
39
1880
1122
984
87
1102
1089
78
1880
1237
1937
1765
657
749
451
598
125
28
717
588
1051
735
1456
945
1039
407
1921
1395
492
1060
887
1595
1171
195
1691
1199
586
788
1112
736
180
229
1970
1536
268
227
1571
386
358
521
1325
1101
1880
436
942
273
568
829
1031
155
890
1390
1686
246
708
1632
765
33
946
1202
1694
698
1145
1710
273
1000
998
94
1315
1843
250
1549
370
1030
746
881
820
1592
1211
1872
345
619
1438
322
1378
1933
1423
1350
927
453
1387
1861
498
861
1135
1410
452
79
594
332
523
1903
1510
1588
979
505
1823
1705
669
492
1036
1099
1386
1039
1183
525
1973
837
828
289
911
1895
1159
503
1104
363
993
384
59
1469
1131
999
1000
366
123
1470
1683
1907
110
1439
1510
714
1549
1457
803
1587
1167
1542
1992
1313
683
640
128
122
560
1204
675
1339
1531
1930
498
156
957
1434
1406
375
1054
1329
650
455
1573
1199
873
740
1057
1734
1277
1586
1770
550
209
931
225
114
949
1363
132
134
849
962
1158
42
1299
1366
1402
1584
1866
806
1580
1226
1327
651
433
113
719
1748
1418
1773
226
22
487
1292
440
1998
1612
603
1297
1738
1229
1274
521
485
742
471
2000
292
132
1228
691
203
346
1738
188
832
1774
1751
1194
1810
536
1254
1413
1873
385
1308
300
1739
692
108
412
1465
1215
1449
1070
1652
1663
615
389
1353
1382
912
730
1933
1725
701
1452
467
527
1510
1977
1336
371
1902
611
1906
1939
553
969
1382
451
114
475
1291
203
595
304
1630
347
1114
225
1903
287
197
729
1979
1483
695
875
1157
1397
1165
716
1483
792
350
1505
1495
1369
1848
1247
321
925
265
1520
1658
1089
38
1770
194
263
1008
948
390
1537
1092
1164
1908
112
1719
528
763
1960
1558
1964
486
1229
545
1525
1030
586
827
1870
916
928
1506
854
12
429
1623
1025
341
1031
1133
1105
161
820
1598
1770
684
865
143
1201
115
263
89
747
175
1708
1828
1549
1465
880
72
944
700
655
1358
144
1295
1824
1503
1700
1572
1717
1128
900
903
118
1163
1037
1664
269
1797
65
1763
557
1274
1873
95
1924
1522
445
304
1181
1640
1529
821
651
1482
105
1829
1505
533
1207
965
1024
201
150
1655
55
1819
1034
1637
1939
1585
99
1695
1037
1140
1806
1955
510
272
742
1929
1199
1339
330
947
1278
637
1615
836
1084
1058
598
804
1724
664
1959
1720
1757
226
1774
1614
1504
455
809
1177
525
1439
1821
227
1783
713
1620
1815
1578
1620
1200
1714
96
1101
897
1000
386
406
1084
775
1198
1528
1935
1952
685
1845
488
1168
469
1668
734
196
620
441
193
487
1890
1793
1095
1452
1326
251
567
1960
36
98
1134
532
276
1652
1438
1937
1197
1089
901
1577
750
1918
775
1036
4
438
1692
1328
1415
1767
78
1134
153
338
598
1346
1128
1442
756
563
610
1897
115
160
937
1868
370
174
975
924
1665
1771
399
1235
465
1098
1062
852
1997
965
866
897
734
1563
394
609
1525
499
772
1712
1532
1099
931
800
626
1897
113
591
382
264
447
1966
822
178
75
399
500
1765
225
84
566
684
468
1453
187
1423
386
410
1713
1810
1413
750
669
1320
138
270
1002
1670
997
1373
397
191
1750
596
73
933
370
1639
709
412
98
70
941
697
448
920
1501
1444
1406
404
1950
1567
1648
638
817
530
1560
1560
1242
1194
1174
64
1663
1389
713
670
1314
236
773
648
1901
335
1483
1088
1567
777
1100
34
957
1268
118
566
1284
1040
765
1941
696
1293
1904
138
818
17
1157
954
1966
710
201
506
292
515
1831
492
1112
112
1388
1418
1172
867
361
640
1345
1025
1717
652
750
1579
1254
483
252
266
694
1330
937
956
1013
593
72
1570
38
1415
193
240
1380
1505
1542
379
57
1521
661
437
101
57
1867
481
1069
106
719
1018
131
1363
483
733
1500
1395
1207
1485
1448
1249
503
307
1349
1680
1275
1910
449
1298
1918
606
1350
1600
1474
318
49
401
315
523
1129
1155
92
1407
386
1810
1291
626
898
672
1752
1553
969
1374
1711
1886
1794
1335
1296
1673
322
945
1883
395
810
798
1949
1265
101
177
233
1062
165
64
47
1338
1769
28
32
1903
989
1
409
761
1180
191
1356
871
1920
8
31
1186
1872
1259
44
1991
1618
478
130
1820
1255
1280
426
750
1331
648
683
319
1621
1187
943
1787
122
83
903
542
1644
1597
1469
1446
321
1857
1585
1181
741
1308
1576
52
570
1951
1830
889
223
887
1069
1149
555
400
170
1699
982
813
1722
196
64
504
1007
377
1288
374
1941
1405
1520
13
470
1242
153
947
317
1268
118
619
1113
674
1727
1425
238
1307
1928
1697
1383
1265
510
156
1376
72
173
1713
1028
1506
1149
497
1094
310
1419
1644
1539
792
4
186
1674
1692
1533
1392
1998
274
1744
960
171
884
114
1840
747
599
41
871
1457
443
507
1907
321
501
1043
1234
33
1174
383
1872
1506
302
923
509
84
1720
356
1021
104
480
1652
476
1159
48
1655
252
1673
426
1109
1633
545
1634
120
1146
1821
1246
1182
566
1462
1565
731
263
1142
1579
1991
588
273
1211
1752
1428
914
1863
1662
305
1619
314
1262
1415
425
331
115
1447
858
1202
1338
1312
732
231
1081
100
295
1462
1713
906
74
1620
824
1248
343
1477
509
1738
1136
873
56
81
817
789
833
37
492
1265
1362
1187
1534
322
209
821
92
896
1605
1539
1467
462
1429
1306
1205
1783
965
792
1710
1104
873
1657
1541
1612
463
1344
1995
41
951
280
1487
1750
1300
1417
408
1808
212
290
558
1779
2000
412
848
396
1767
935
1681
1943
857
384
1460
1486
1321
1433
1417
937
971
1361
1427
1617
284
1054
235
369
1028
1148
56
1320
1052
1456
1605
187
1106
1980
1278
524
1128
928
678
866
333
800
1714
1545
947
673
1414
432
929
5
1320
587
648
1452
980
165
167
493
180
893
248
900
908
640
167
1633
969
78
355
1276
1278
1383
1346
1141
1256
1781
1563
1669
347
1207
421
1588
481
1086
743
826
1498
686
31
95
1807
972
499
2000
1863
125
1802
1580
1130
1021
290
275
1677
788
1338
1234
967
61
1423
366
618
1731
1350
1105
786
1304
1550
1230
951
921
194
659
462
1667
1682
908
416
1685
460
729
817
1969
434
1881
918
1021
574
1232
1905
282
932
1343
1389
825
1865
753
474
1623
1664
1880
618
650
150
176
595
676
1800
146
1912
746
106
494
1712
1686
1278
458
1247
167
1331
1534
820
1560
605
666
893
1412
268
1302
802
314
1323
1838
26
1137
1282
1026
165
465
1243
1689
972
503
655
156
187
1320
1025
1508
1175
88
403
344
587
365
1564
179
1892
1438
1454
242
330
1810
1240
1837
1501
1931
1307
1674
1721
540
351
237
1819
702
855
942
729
1500
1005
1428
459
731
730
1992
1803
211
271
1214
1053
795
1994
1577
548
1994
1159
342
79
1952
885
1009
917
1329
960
1681
933
78
348
1730
1154
96
1981
184
1493
1344
88
120
1995
935
22
771
1524
1759
766
1434
1300
1656
1571
998
1131
445
507
1031
619
499
1606
1354
1328
1910
1789
1375
618
1654
1191
664
1245
1359
1002
1065
138
1549
684
1634
258
205
1703
1031
218
1231
1323
321
300
129
1807
73
206
1923
1306
1883
712
790
1105
1225
223
553
625
725
801
1756
194
432
230
1471
1639
563
1614
1608
217
1670
218
474
905
523
11
442
1567
1220
642
1529
599
1288
172
1390
1031
305
461
1662
1554
1072
814
893
1848
1059
464
771
15
1567
1691
1514
348
1522
1504
1434
1936
820
1304
1679
831
374
224
1638
974
1042
1903
150
567
1297
1724
882
1312
1010
445
485
663
794
1422
183
1555
953
46
133
1878
1186
876
1103
149
122
392
1541
1995
1382
387
359
1127
1284
647
1654
339
346
1296
1929
1323
123
1115
1168
15
453
819
1150
1159
1204
1763
1339
64
134
1343
1219
1380
788
1636
1340
652
401
994
376
1607
1963
293
1146
425
1978
281
1051
1186
1573
776
1244
225
298
991
483
949
1750
856
1192
50
1059
1478
1692
67
1560
1649
1277
950
391
374
1775
711
1366
991
232
1091
1026
1402
1346
1281
121
743
1491
220
607
103
108
1349
1352
1749
974
428
1834
994
632
1420
759
271
1086
275
1285
1063
710
1484
288
1867
850
115
1678
95
1614
1745
197
1493
467
1696
467
241
1173
233
92
1113
1777
29
744
149
1201
387
1431
1259
1087
1382
1639
984
1073
1984
418
818
179
958
828
1772
1306
818
811
1137
16
1416
917
984
803
1761
1923
59
850
1631
1429
839
1086
1249
1079
1433
100
1191
755
1069
1777
977
1579
1693
1800
588
16
350
1379
827
1701
1140
333
1468
219
981
1996
58
724
309
585
130
1014
1883
1453
1590
460
263
349
1690
146
84
1964
1803
1168
1501
931
353
1921
1103
1231
1535
1760
1397
115
229
1071
1879
303
811
1902
12
1444
369
1095
1975
46
263
1813
1036
1291
1800
860
890
335
23
70
1726
1356
635
1759
1663
162
468
742
741
696
718
948
249
1433
168
593
1473
914
1259
1172
974
1260
334
1854
1460
484
916
243
1363
282
1702
564
389
1297
354
1342
608
1518
512
259
144
119
224
397
997
1091
1804
1713
1368
1779
349
973
764
1913
839
578
1566
172
1405
306
1350
408
619
1424
108
1591
372
757
1479
360
1985
1261
784
85
573
118
726
940
1797
407
1352
1406
264
1730
1238
1006
1441
211
639
1976
738
292
1253
115
988
1835
826
1071
1088
1511
751
278
1400
1172
406
1948
136
404
1367
407
618
1941
952
158
537
1623
604
846
85
655
1267
1710
555
1229
1922
1802
1907
1123
1152
838
295
1693
1658
1815
909
354
1822
744
1416
1685
890
830
1624
831
504
1503
1079
1504
521
1144
1103
1972
149
1081
222
468
618
1839
1913
1061
796
253
666
1015
519
335
1704
162
1453
1195
391
1882
1901
572
1884
1995
1988
1097
1583
1851
749
1420
1337
236
1584
1408
960
761
840
1116
132
349
817
1253
295
109
639
552
1725
627
547
1500
1908
604
1015
676
1608
1817
1984
161
1738
404
1518
615
1074
1595
908
353
692
1982
1082
897
1736
593
1692
1979
1529
577
1517
1262
1857
623
69
1042
68
1438
507
675
121
1705
298
177
1211
1659
190
1532
557
67
934
1154
514
987
103
697
1185
711
719
928
553
471
679
753
764
1240
558
1779
359
1270
1656
2000
2000
2000
2000
1998
1998
1997
1997
1997
1997
1997
1996
1995
1995
1994
1994
1994
1994
1994
1994
1993
1993
1993
1992
1992
1992
1992
1992
1991
1991
1991
1991
1990
1989
1989
1989
1989
1989
1988
1988
1988
1988
1988
1987
1987
1986
1986
1986
1986
1986
1985
1985
1985
1985
1984
1984
1984
1984
1984
1984
1984
1983
1982
1982
1982
1981
1981
1981
1980
1979
1979
1979
1979
1979
1978
1977
1977
1977
1977
1977
1976
1976
1976
1976
1976
1975
1975
1975
1974
1973
1972
1972
1972
1971
1971
1971
1971
1971
1970
1970
1969
1969
1969
1969
1968
1968
1968
1968
1968
1968
1968
1968
1967
1967
1967
1967
1966
1966
1966
1965
1965
1965
1964
1964
1963
1963
1962
1962
1962
1962
1962
1962
1961
1961
1961
1961
1960
1960
1960
1960
1960
1960
1960
1959
1959
1959
1959
1958
1958
1958
1957
1957
1957
1957
1957
1957
1956
1955
1955
1955
1954
1953
1952
1952
1952
1952
1951
1951
1951
1951
1950
1950
1949
1949
1949
1949
1949
1948
1948
1947
1947
1947
1947
1945
1945
1945
1945
1945
1944
1944
1944
1943
1943
1943
1943
1942
1942
1941
1941
1941
1941
1941
1941
1940
1940
1940
1939
1939
1939
1938
1938
1938
1938
1938
1937
1937
1937
1936
1936
1935
1935
1934
1934
1934
1934
1933
1933
1933
1933
1933
1932
1932
1932
1932
1931
1931
1931
1931
1931
1930
1930
1930
1930
1930
1929
1929
1929
1929
1928
1928
1928
1928
1928
1928
1928
1927
1927
1927
1927
1927
1927
1927
1927
1927
1926
1926
1925
1925
1925
1925
1925
1925
1925
1924
1924
1924
1924
1924
1924
1924
1923
1923
1923
1923
1923
1923
1923
1922
1921
1921
1921
1921
1920
1920
1920
1920
1919
1919
1919
1919
1919
1919
1918
1918
1918
1918
1918
1918
1917
1917
1917
1917
1916
1915
1915
1915
1915
1915
1914
1914
1914
1913
1913
1913
1913
1912
1912
1912
1911
1911
1911
1911
1911
1911
1910
1910
1909
1909
1908
1908
1908
1907
1907
1907
1907
1907
1906
1906
1906
1906
1906
1905
1905
1905
1905
1904
1904
1904
1904
1903
1903
1903
1901
1901
1901
1900
1900
1900
1900
1900
1899
1899
1899
1899
1898
1898
1898
1897
1897
1896
1896
1896
1896
1895
1895
1895
1895
1895
1894
1894
1894
1893
1893
1893
1893
1892
1891
1891
1891
1891
1890
1890
1890
1889
1889
1889
1889
1889
1888
1888
1888
1887
1887
1887
1887
1887
1887
1887
1886
1885
1884
1884
1884
1884
1883
1883
1883
1883
1883
1883
1883
1882
1881
1881
1881
1880
1880
1879
1879
1879
1879
1879
1878
1878
1878
1877
1877
1877
1877
1877
1877
1876
1874
1874
1873
1872
1871
1871
1871
1871
1871
1870
1870
1869
1869
1869
1869
1869
1869
1869
1868
1868
1868
1867
1867
1867
1867
1867
1866
1866
1866
1866
1866
1866
1865
1865
1865
1865
1865
1865
1864
1864
1863
1863
1862
1862
1862
1861
1861
1861
1861
1860
1860
1859
1859
1858
1858
1858
1858
1858
1857
1857
1857
1856
1856
1856
1856
1856
1855
1855
1854
1854
1854
1854
1854
1854
1853
1853
1853
1853
1852
1851
1850
1850
1850
1850
1850
1850
1850
1849
1849
1848
1848
1848
1848
1848
1847
1847
1846
1846
1845
1845
1844
1843
1843
1843
1843
1843
1843
1842
1842
1842
1842
1841
1841
1841
1841
1841
1841
1840
1840
1840
1840
1839
1839
1839
1839
1839
1839
1838
1838
1838
1837
1835
1835
1835
1834
1834
1834
1834
1833
1833
1833
1833
1833
1832
1832
1832
1832
1832
1832
1832
1831
1831
1831
1830
1830
1830
1830
1829
1829
1829
1829
1829
1829
1829
1828
1828
1827
1827
1827
1826
1826
1826
1826
1825
1825
1824
1823
1823
1823
1823
1822
1822
1822
1822
1822
1822
1822
1821
1821
1821
1821
1821
1821
1820
1820
1820
1820
1819
1819
1819
1819
1818
1818
1818
1818
1818
1817
1817
1817
1816
1816
1816
1816
1814
1814
1813
1813
1813
1813
1813
1812
1812
1812
1811
1811
1811
1810
1810
1810
1809
1809
1809
1808
1808
1808
1808
1808
1808
1807
1807
1807
1807
1807
1806
1806
1806
1805
1805
1805
1805
1805
1804
1804
1803
1803
1803
1803
1802
1802
1802
1802
1801
1801
1801
1801
1800
1800
1800
1799
1799
1799
1799
1799
1799
1799
1798
1798
1797
1797
1797
1797
1797
1796
1796
1796
1795
1795
1795
1794
1794
1794
1794
1794
1793
1793
1793
1792
1792
1791
1791
1791
1791
1790
1790
1790
1790
1790
1790
1789
1789
1789
1789
1788
1788
1787
1787
1787
1787
1787
1786
1786
1786
1786
1785
1785
1785
1784
1784
1784
1784
1783
1783
1783
1783
1783
1782
1782
1781
1781
1781
1780
1780
1780
1779
1779
1779
1779
1779
1778
1778
1777
1777
1777
1777
1777
1777
1776
1776
1776
1776
1776
1775
1775
1775
1775
1774
1774
1774
1773
1773
1773
1772
1772
1772
1771
1771
1770
1770
1770
1769
1769
1768
1768
1768
1768
1768
1767
1767
1767
1767
1767
1766
1766
1766
1766
1766
1766
1765
1765
1765
1765
1765
1765
1764
1764
1764
1764
1763
1763
1763
1763
1762
1762
1762
1762
1761
1761
1761
1760
1760
1760
1760
1760
1760
1760
1759
1759
1759
1758
1758
1758
1757
1757
1757
1757
1757
1757
1756
1756
1756
1755
1754
1754
1753
1753
1752
1752
1752
1752
1751
1751
1751
1751
1750
1750
1750
1750
1750
1750
1749
1749
1748
1748
1748
1748
1747
1747
1747
1747
1747
1746
1746
1746
1745
1745
1745
1744
1743
1743
1743
1743
1743
1743
1743
1742
1742
1742
1741
1741
1740
1740
1739
1739
1739
1738
1738
1738
1738
1738
1737
1736
1735
1735
1735
1735
1735
1735
1735
1734
1734
1734
1733
1733
1733
1733
1733
1733
1732
1732
1732
1732
1731
1731
1730
1730
1730
1730
1730
1730
1729
1729
1729
1728
1728
1728
1728
1727
1727
1727
1726
1726
1726
1725
1725
1725
1725
1725
1724
1724
1724
1723
1723
1722
1722
1722
1722
1720
1720
1719
1719
1719
1719
1719
1719
1719
1718
1718
1718
1718
1717
1716
1716
1715
1715
1715
1715
1714
1714
1714
1714
1714
1714
1714
1713
1713
1712
1712
1712
1712
1711
1711
1711
1711
1711
1711
1710
1710
1710
1710
1709
1709
1709
1709
1709
1708
1708
1708
1708
1707
1707
1707
1706
1705
1705
1705
1705
1705
1705
1704
1704
1704
1703
1703
1702
1702
1702
1702
1701
1701
1701
1701
1701
1701
1700
1700
1699
1699
1699
1697
1697
1697
1696
1696
1696
1695
1695
1694
1694
1694
1693
1693
1693
1692
1692
1692
1692
1692
1692
1692
1692
1691
1690
1690
1690
1689
1689
1689
1687
1686
1686
1686
1686
1686
1685
1685
1685
1684
1684
1684
1684
1683
1683
1683
1683
1683
1683
1683
1683
1683
1682
1682
1682
1682
1681
1681
1681
1680
1680
1680
1680
1679
1679
1679
1678
1678
1678
1678
1677
1677
1677
1677
1676
1676
1676
1676
1676
1675
1675
1675
1673
1673
1673
1673
1673
1673
1672
1672
1672
1671
1671
1671
1670
1670
1669
1669
1669
1669
1668
1668
1667
1667
1667
1667
1667
1667
1666
1666
1666
1666
1665
1665
1665
1665
1665
1665
1665
1664
1664
1664
1663
1663
1663
1663
1663
1662
1662
1662
1662
1661
1661
1660
1660
1660
1660
1660
1660
1659
1659
1659
1659
1658
1658
1658
1658
1658
1658
1658
1658
1658
1657
1657
1657
1657
1657
1656
1656
1656
1656
1655
1654
1654
1654
1654
1654
1653
1653
1652
1652
1652
1651
1651
1650
1650
1649
1649
1649
1649
1649
1648
1648
1647
1647
1647
1647
1646
1646
1646
1646
1646
1646
1645
1645
1644
1644
1643
1642
1642
1642
1642
1642
1642
1641
1641
1641
1641
1641
1640
1640
1640
1639
1638
1638
1638
1638
1637
1637
1637
1637
1637
1636
1636
1636
1636
1635
1635
1635
1634
1634
1634
1633
1633
1633
1633
1632
1632
1632
1631
1631
1631
1630
1630
1630
1630
1629
1629
1629
1629
1628
1628
1628
1628
1628
1628
1627
1627
1627
1627
1626
1626
1625
1625
1625
1625
1624
1624
1624
1624
1624
1623
1623
1622
1622
1622
1621
1621
1621
1620
1620
1620
1620
1620
1619
1618
1618
1617
1617
1617
1617
1616
1616
1616
1616
1615
1615
1615
1615
1615
1615
1615
1615
1615
1615
1614
1614
1614
1614
1613
1613
1612
1612
1612
1612
1612
1612
1612
1612
1611
1611
1610
1610
1610
1610
1610
1610
1609
1609
1609
1608
1608
1608
1607
1607
1607
1606
1606
1606
1605
1605
1605
1605
1605
1604
1604
1604
1604
1604
1603
1603
1603
1603
1603
1603
1603
1603
1602
1602
1602
1602
1601
1601
1601
1600
1600
1599
1599
1599
1599
1599
1599
1599
1598
1597
1597
1597
1596
1596
1596
1596
1595
1595
1595
1595
1595
1594
1594
1594
1594
1594
1594
1594
1594
1594
1593
1593
1592
1592
1592
1592
1592
1592
1592
1591
1591
1591
1590
1590
1590
1590
1590
1590
1590
1590
1589
1589
1589
1588
1588
1588
1588
1588
1588
1588
1587
1587
1587
1587
1586
1586
1586
1586
1586
1586
1586
1585
1585
1585
1585
1585
1585
1584
1584
1584
1584
1583
1583
1582
1581
1581
1580
1580
1580
1580
1580
1580
1579
1579
1579
1579
1578
1578
1577
1577
1576
1576
1576
1576
1576
1575
1575
1575
1575
1575
1575
1574
1574
1574
1573
1573
1573
1573
1573
1572
1572
1572
1572
1571
1571
1570
1570
1569
1569
1569
1569
1568
1567
1567
1566
1566
1565
1565
1565
1564
1564
1563
1563
1563
1563
1563
1562
1562
1562
1561
1561
1561
1561
1561
1560
1560
1560
1560
1559
1558
1558
1558
1558
1558
1558
1558
1557
1557
1557
1556
1556
1555
1555
1555
1554
1554
1554
1554
1554
1554
1553
1553
1553
1553
1552
1552
1552
1552
1552
1552
1551
1551
1551
1550
1550
1550
1550
1549
1548
1548
1548
1547
1547
1546
1546
1546
1545
1545
1545
1545
1544
1544
1543
1542
1542
1542
1541
1541
1541
1541
1541
1540
1539
1539
1538
1537
1536
1536
1536
1535
1535
1535
1535
1534
1534
1534
1534
1533
1533
1533
1533
1533
1533
1532
1531
1531
1531
1531
1530
1530
1530
1529
1528
1528
1527
1527
1527
1526
1526
1526
1525
1525
1525
1525
1524
1524
1524
1523
1523
1523
1523
1522
1522
1522
1522
1521
1520
1520
1519
1519
1519
1519
1519
1519
1519
1518
1518
1517
1517
1516
1516
1516
1515
1515
1515
1515
1514
1514
1513
1512
1512
1512
1512
1512
1511
1511
1511
1510
1510
1509
1509
1508
1508
1508
1508
1508
1508
1508
1508
1507
1507
1506
1506
1505
1505
1505
1504
1503
1503
1503
1503
1503
1503
1503
1503
1503
1502
1502
1502
1501
1501
1500
1500
1499
1498
1498
1497
1497
1497
1497
1497
1497
1497
1496
1495
1495
1494
1494
1494
1494
1494
1493
1493
1492
1492
1492
1492
1492
1492
1491
1491
1491
1491
1490
1489
1488
1488
1487
1486
1486
1486
1486
1485
1485
1485
1484
1484
1483
1483
1483
1483
1483
1483
1483
1483
1483
1483
1482
1482
1482
1482
1482
1482
1482
1482
1481
1481
1481
1479
1479
1479
1478
1477
1476
1476
1476
1475
1475
1475
1475
1474
1474
1474
1473
1473
1473
1473
1473
1473
1472
1471
1471
1471
1471
1470
1470
1470
1470
1469
1469
1469
1468
1468
1468
1468
1468
1468
1467
1467
1466
1466
1466
1465
1465
1464
1464
1463
1463
1462
1461
1461
1461
1461
1461
1461
1461
1461
1459
1459
1459
1459
1458
1458
1457
1457
1457
1456
1456
1456
1456
1456
1456
1455
1455
1455
1455
1455
1454
1454
1453
1453
1453
1453
1453
1452
1452
1452
1452
1452
1452
1451
1451
1450
1450
1450
1449
1449
1448
1448
1448
1448
1448
1448
1448
1447
1447
1447
1446
1446
1446
1446
1446
1445
1445
1445
1445
1445
1444
1444
1443
1443
1443
1442
1442
1442
1442
1441
1441
1441
1441
1441
1441
1441
1441
1441
1440
1440
1440
1439
1439
1439
1437
1437
1437
1436
1436
1436
1436
1436
1435
1435
1433
1433
1433
1432
1432
1432
1432
1432
1432
1431
1431
1431
1431
1431
1431
1431
1431
1430
1430
1430
1430
1430
1430
1429
1429
1429
1429
1429
1428
1428
1428
1428
1427
1427
1427
1427
1427
1427
1426
1426
1426
1426
1426
1426
1425
1425
1425
1425
1425
1424
1424
1423
1422
1422
1422
1421
1421
1420
1420
1420
1420
1420
1419
1419
1419
1418
1418
1418
1417
1417
1416
1416
1416
1415
1415
1414
1414
1413
1413
1413
1412
1412
1412
1412
1412
1411
1411
1411
1410
1410
1410
1410
1410
1410
1409
1409
1408
1408
1408
1408
1408
1408
1408
1408
1407
1407
1407
1406
1406
1406
1405
1405
1405
1404
1403
1403
1403
1403
1402
1402
1401
1401
1401
1401
1401
1401
1400
1400
1399
1399
1399
1399
1399
1399
1399
1398
1398
1398
1398
1398
1398
1398
1397
1397
1397
1397
1395
1395
1395
1395
1395
1395
1395
1394
1394
1393
1393
1393
1393
1392
1392
1392
1392
1392
1392
1391
1391
1391
1390
1390
1390
1390
1390
1390
1389
1389
1389
1388
1388
1388
1388
1388
1387
1386
1386
1385
1385
1384
1384
1384
1383
1383
1383
1382
1382
1382
1381
1381
1381
1381
1380
1380
1380
1380
1379
1379
1378
1378
1377
1376
1376
1376
1375
1375
1375
1373
1373
1373
1372
1372
1372
1372
1372
1372
1371
1371
1370
1370
1370
1370
1370
1369
1369
1369
1369
1368
1368
1368
1368
1368
1368
1368
1367
1367
1367
1367
1367
1367
1366
1365
1365
1365
1365
1365
1365
1365
1364
1364
1364
1364
1364
1363
1362
1362
1361
1361
1360
1360
1359
1359
1359
1359
1359
1358
1358
1357
1357
1357
1357
1357
1357
1356
1356
1355
1354
1353
1353
1353
1353
1352
1352
1352
1351
1351
1351
1351
1350
1350
1350
1350
1349
1349
1348
1348
1348
1347
1347
1347
1346
1346
1346
1346
1345
1345
1345
1345
1345
1345
1345
1345
1344
1344
1344
1344
1343
1343
1343
1343
1342
1342
1342
1341
1341
1341
1340
1340
1340
1340
1338
1338
1338
1338
1338
1337
1337
1337
1337
1336
1336
1336
1336
1336
1335
1335
1335
1334
1334
1334
1333
1333
1333
1333
1333
1332
1332
1332
1332
1331
1331
1331
1331
1330
1330
1330
1330
1330
1330
1330
1329
1328
1328
1327
1327
1326
1326
1326
1326
1325
1325
1325
1325
1325
1324
1324
1324
1323
1323
1323
1323
1322
1322
1321
1320
1320
1320
1320
1320
1320
1320
1319
1319
1319
1319
1318
1318
1318
1318
1318
1318
1318
1317
1317
1317
1317
1316
1316
1316
1316
1316
1316
1315
1315
1315
1314
1314
1314
1314
1313
1313
1313
1312
1312
1312
1312
1312
1312
1312
1312
1311
1311
1310
1310
1310
1310
1310
1309
1309
1309
1309
1308
1308
1308
1307
1307
1307
1307
1306
1305
1305
1305
1304
1304
1304
1303
1303
1303
1303
1302
1302
1302
1302
1301
1300
1300
1300
1300
1300
1300
1300
1299
1299
1299
1299
1299
1299
1298
1298
1297
1297
1297
1296
1296
1294
1294
1294
1294
1293
1293
1293
1293
1293
1293
1292
1291
1291
1291
1290
1290
1290
1290
1289
1289
1289
1289
1289
1289
1289
1288
1287
1287
1287
1287
1285
1285
1284
1284
1283
1283
1283
1283
1282
1282
1282
1282
1282
1282
1282
1282
1281
1281
1281
1280
1280
1280
1280
1280
1279
1279
1279
1279
1279
1279
1279
1279
1278
1278
1278
1278
1278
1277
1277
1277
1277
1277
1277
1276
1276
1276
1276
1276
1275
1275
1274
1273
1273
1273
1273
1273
1272
1272
1272
1272
1271
1271
1271
1271
1271
1271
1270
1270
1270
1270
1270
1269
1269
1268
1268
1267
1266
1266
1266
1266
1265
1265
1265
1264
1264
1263
1262
1262
1262
1262
1262
1261
1261
1261
1261
1261
1261
1260
1260
1259
1259
1258
1258
1257
1257
1257
1257
1257
1256
1256
1256
1255
1255
1255
1254
1254
1254
1254
1254
1254
1254
1253
1253
1253
1253
1253
1253
1252
1252
1251
1251
1251
1251
1251
1251
1251
1250
1250
1250
1250
1249
1249
1248
1248
1248
1248
1248
1247
1247
1247
1247
1247
1247
1246
1246
1246
1246
1246
1245
1245
1245
1245
1245
1243
1243
1243
1243
1243
1242
1241
1241
1240
1240
1240
1239
1239
1239
1239
1238
1238
1238
1238
1237
1237
1237
1237
1236
1235
1235
1235
1235
1235
1234
1234
1234
1234
1233
1233
1233
1232
1232
1231
1231
1231
1231
1230
1230
1230
1230
1229
1229
1229
1229
1228
1228
1227
1227
1227
1227
1227
1225
1225
1225
1225
1225
1224
1224
1224
1224
1224
1223
1223
1222
1222
1222
1221
1221
1220
1220
1220
1218
1218
1217
1217
1217
1217
1217
1217
1216
1216
1216
1215
1215
1214
1214
1214
1213
1213
1213
1212
1212
1212
1212
1211
1211
1211
1210
1210
1209
1209
1209
1209
1208
1207
1207
1206
1206
1206
1206
1206
1206
1206
1205
1205
1204
1204
1204
1204
1204
1204
1203
1203
1203
1202
1202
1202
1202
1201
1201
1200
1200
1200
1199
1199
1199
1198
1198
1197
1197
1197
1197
1197
1197
1196
1196
1195
1194
1194
1194
1193
1193
1193
1192
1192
1192
1192
1191
1191
1191
1191
1190
1190
1190
1189
1189
1189
1189
1189
1188
1188
1188
1188
1187
1187
1187
1186
1186
1186
1186
1185
1185
1185
1184
1184
1184
1184
1183
1183
1183
1182
1182
1182
1181
1181
1181
1181
1180
1180
1180
1180
1180
1179
1179
1179
1179
1179
1179
1179
1178
1178
1178
1177
1177
1177
1177
1176
1176
1175
1175
1174
1174
1173
1173
1173
1172
1172
1172
1171
1171
1170
1170
1170
1169
1169
1169
1168
1167
1167
1167
1167
1166
1166
1166
1166
1166
1166
1165
1165
1165
1164
1164
1164
1164
1163
1163
1163
1162
1161
1161
1160
1160
1160
1160
1159
1159
1159
1159
1159
1158
1158
1158
1158
1158
1157
1157
1157
1157
1157
1157
1156
1156
1156
1155
1155
1155
1155
1155
1155
1155
1155
1154
1154
1153
1153
1153
1153
1152
1152
1152
1152
1151
1150
1150
1150
1150
1149
1149
1148
1148
1147
1147
1146
1146
1146
1145
1145
1145
1144
1144
1143
1142
1142
1142
1142
1142
1141
1140
1140
1140
1140
1139
1139
1139
1139
1139
1139
1138
1138
1137
1137
1136
1136
1136
1136
1136
1135
1135
1135
1134
1134
1134
1133
1133
1133
1133
1133
1133
1133
1133
1133
1133
1132
1132
1131
1131
1131
1130
1130
1129
1129
1129
1129
1129
1129
1128
1128
1128
1128
1126
1126
1125
1124
1124
1124
1124
1123
1123
1123
1121
1121
1121
1121
1120
1120
1120
1118
1118
1117
1117
1116
1116
1115
1115
1115
1115
1114
1114
1114
1114
1114
1114
1113
1113
1113
1113
1113
1113
1113
1113
1112
1112
1112
1112
1111
1111
1111
1110
1110
1110
1109
1109
1108
1108
1108
1107
1107
1107
1107
1106
1106
1106
1106
1106
1106
1105
1105
1104
1104
1104
1104
1104
1104
1103
1103
1103
1102
1102
1102
1102
1102
1101
1101
1101
1101
1101
1100
1099
1099
1099
1099
1098
1098
1098
1098
1098
1097
1097
1096
1095
1095
1095
1095
1094
1094
1094
1093
1093
1093
1093
1093
1093
1092
1092
1092
1091
1091
1091
1091
1091
1091
1090
1090
1090
1090
1090
1089
1089
1088
1088
1088
1088
1088
1087
1087
1087
1087
1087
1086
1085
1085
1085
1085
1085
1085
1085
1084
1084
1083
1083
1083
1083
1083
1082
1082
1082
1081
1081
1080
1079
1079
1079
1079
1079
1079
1078
1078
1078
1078
1078
1077
1077
1076
1075
1075
1075
1074
1074
1074
1074
1074
1073
1073
1073
1073
1073
1072
1072
1072
1072
1072
1072
1071
1071
1071
1071
1070
1069
1069
1068
1068
1068
1068
1068
1068
1067
1067
1067
1067
1066
1066
1066
1066
1065
1065
1065
1065
1065
1065
1065
1064
1064
1064
1064
1064
1064
1063
1063
1063
1063
1063
1063
1063
1062
1062
1062
1062
1061
1061
1060
1060
1060
1060
1059
1058
1058
1057
1056
1056
1055
1055
1054
1054
1054
1054
1053
1053
1053
1052
1052
1052
1052
1052
1051
1051
1051
1050
1050
1050
1050
1050
1049
1049
1049
1049
1049
1048
1047
1047
1046
1046
1046
1045
1045
1045
1045
1045
1045
1045
1044
1044
1044
1043
1043
1043
1043
1043
1043
1043
1042
1042
1041
1041
1041
1040
1040
1040
1040
1039
1039
1039
1039
1039
1039
1038
1038
1038
1037
1037
1037
1037
1035
1034
1034
1034
1034
1033
1033
1033
1033
1033
1033
1033
1032
1032
1031
1031
1031
1031
1030
1030
1030
1030
1029
1029
1029
1028
1028
1028
1028
1028
1028
1027
1027
1027
1027
1026
1026
1026
1025
1025
1025
1025
1025
1025
1025
1025
1024
1023
1023
1023
1023
1023
1022
1022
1021
1021
1020
1020
1020
1019
1019
1019
1019
1019
1019
1018
1018
1018
1018
1018
1018
1018
1017
1017
1017
1017
1016
1016
1016
1016
1016
1016
1015
1014
1014
1014
1014
1013
1013
1012
1012
1012
1011
1011
1010
1010
1010
1010
1010
1009
1009
1009
1009
1008
1008
1008
1008
1008
1008
1007
1007
1006
1006
1006
1006
1005
1005
1005
1005
1005
1004
1004
1004
1004
1004
1004
1003
1003
1003
1002
1001
1001
1001
1000
999
998
998
998
997
997
997
997
997
997
997
996
996
996
996
996
995
995
994
994
994
994
994
992
991
991
991
990
990
990
989
989
989
989
988
988
988
988
988
987
987
987
987
987
986
986
986
985
985
985
984
984
984
984
984
984
983
982
982
982
982
982
982
980
980
980
980
979
978
978
977
977
977
976
976
976
976
976
975
975
975
975
975
974
973
973
973
972
972
972
972
972
971
971
971
970
970
970
969
969
969
969
969
968
968
967
967
967
967
966
966
966
966
965
965
965
965
965
965
965
964
964
963
963
962
962
962
962
961
961
960
960
959
959
959
959
958
958
958
957
957
957
956
956
956
955
955
955
954
954
954
954
953
953
953
953
952
952
952
952
951
951
951
951
951
951
951
950
950
950
948
947
947
947
947
947
946
946
945
945
945
944
944
944
943
943
943
943
943
942
940
940
939
939
939
938
938
938
938
937
936
936
936
936
935
934
934
934
934
934
934
933
933
933
932
932
932
932
932
932
931
931
931
930
929
929
928
927
927
927
927
927
926
926
926
926
926
924
924
924
924
924
924
923
923
923
923
922
922
922
922
922
921
921
921
921
920
919
919
919
918
918
918
917
917
917
917
916
916
916
916
916
915
915
915
915
914
914
914
914
914
914
914
913
912
912
912
911
911
911
911
910
910
910
910
910
910
909
909
908
908
907
907
907
907
907
907
906
906
906
905
905
905
905
904
904
903
903
903
902
902
901
901
901
901
900
900
900
900
900
900
900
899
899
899
898
898
898
898
898
897
897
896
896
896
896
895
895
895
894
894
894
893
893
893
893
892
892
892
892
892
891
891
891
891
890
889
889
888
888
887
887
887
887
887
887
886
886
886
885
885
885
884
884
883
883
882
882
882
882
881
881
880
880
880
879
879
878
878
877
877
876
876
876
876
875
875
875
875
875
874
873
872
872
872
872
871
871
871
871
871
870
870
869
869
869
868
868
868
867
867
867
866
866
866
866
865
864
864
864
864
864
864
863
863
863
863
862
862
862
861
861
861
859
859
859
859
858
858
858
858
858
857
857
857
856
856
856
856
855
855
855
855
855
854
853
853
853
852
852
852
852
851
851
851
851
850
850
850
850
849
849
849
848
848
848
847
847
847
846
846
846
845
845
845
845
844
844
844
844
844
843
843
843
843
842
842
842
842
842
841
841
840
840
839
838
838
837
837
836
836
836
835
835
835
835
835
835
835
834
834
834
834
834
833
832
832
831
831
831
831
830
830
830
830
830
830
830
830
829
829
829
829
828
827
827
827
826
826
826
826
825
825
825
824
824
824
824
824
824
824
823
823
823
823
823
823
822
822
822
821
821
821
821
821
820
820
820
819
819
818
818
818
818
817
816
816
816
815
815
815
814
814
814
814
814
813
813
813
813
813
812
812
811
811
811
811
810
810
810
810
810
810
810
809
809
809
808
808
808
808
808
807
807
807
807
807
807
806
806
806
806
805
805
805
805
804
804
804
804
803
803
803
802
802
802
802
802
802
801
801
801
801
800
800
800
800
800
800
799
799
799
799
799
799
798
798
798
798
797
797
796
796
796
796
796
795
795
795
794
793
793
793
792
792
792
792
792
791
790
790
790
789
789
788
788
788
788
787
787
787
787
787
786
785
785
785
784
783
783
783
782
782
782
782
781
781
781
780
780
780
780
780
780
779
779
778
778
778
778
778
777
777
777
777
776
776
776
775
775
775
775
775
774
774
774
773
773
773
773
772
772
772
772
771
771
771
770
770
770
769
769
769
769
769
769
769
769
768
768
767
767
766
766
765
765
764
764
764
763
763
763
762
762
762
762
762
761
761
761
760
760
760
759
759
758
758
757
757
757
756
756
755
755
755
755
755
755
754
754
753
753
753
752
752
752
752
752
751
751
751
751
750
750
750
749
749
748
748
748
747
746
745
745
745
745
745
744
744
744
744
742
742
741
740
740
740
740
740
739
739
739
738
738
738
738
738
737
737
737
737
736
735
735
735
734
733
733
733
733
733
733
733
733
732
732
732
732
732
731
731
731
731
731
730
730
730
730
730
729
729
729
729
729
729
728
728
728
728
727
727
726
725
725
725
724
724
724
724
723
723
722
722
722
722
722
721
721
720
720
719
719
719
719
719
718
717
717
717
717
717
716
716
716
715
715
715
715
714
714
713
713
713
712
712
712
712
711
711
711
711
711
710
710
710
710
710
710
709
709
708
708
708
708
708
708
708
707
707
707
707
707
707
706
706
706
706
706
706
705
705
705
704
704
703
703
703
703
703
703
702
702
702
702
701
701
701
701
700
700
700
699
699
699
699
699
698
698
698
697
697
696
696
696
696
696
696
695
695
695
695
695
695
694
694
693
693
692
692
692
692
691
691
691
691
691
691
691
691
691
691
690
690
690
690
690
690
689
689
689
689
689
689
688
688
687
687
685
685
685
685
685
685
685
685
684
684
684
683
683
682
682
682
681
680
680
680
680
680
680
680
680
679
679
679
679
678
678
678
678
678
677
677
677
677
676
676
675
675
675
675
675
674
674
673
672
671
671
671
671
670
670
670
670
669
669
669
668
668
668
668
668
667
667
667
667
667
666
666
665
665
665
664
664
664
663
663
663
663
663
663
662
662
661
660
660
660
659
659
659
659
658
658
657
657
657
657
657
657
656
656
656
655
655
655
655
655
655
655
654
653
653
653
651
651
651
650
650
650
649
649
649
649
649
648
648
647
647
646
646
646
645
645
645
645
645
644
644
644
644
643
643
643
642
642
642
641
641
641
640
640
640
640
640
640
640
640
639
638
638
638
638
637
637
637
636
636
636
636
635
635
635
635
635
635
635
634
634
633
633
632
632
632
632
631
631
631
631
630
630
630
630
629
629
629
629
628
628
628
628
628
628
628
627
627
627
626
626
626
625
625
625
625
625
625
624
624
624
623
623
623
622
622
622
622
621
621
620
619
619
619
619
619
619
618
618
618
618
618
617
617
617
617
616
616
616
616
616
615
615
615
615
615
615
615
615
615
614
614
613
612
612
611
611
610
610
610
609
609
608
608
608
608
608
608
607
607
607
607
607
607
606
606
606
606
605
605
605
605
604
604
604
603
603
603
602
602
601
601
600
600
600
600
599
599
599
599
598
597
597
597
596
596
596
596
596
595
595
595
595
595
594
594
594
593
593
592
592
592
592
592
592
591
591
591
591
591
590
590
589
588
588
588
588
588
588
587
587
586
586
585
585
585
585
584
584
584
583
583
583
583
582
582
582
582
582
582
582
581
581
581
581
581
581
580
580
580
580
580
580
580
579
579
578
578
578
578
578
577
577
577
577
577
577
576
576
575
575
575
575
575
575
575
574
574
574
574
574
573
573
573
572
572
572
571
571
571
571
571
570
569
569
569
569
569
569
568
568
567
567
567
567
567
566
566
566
566
566
566
565
565
565
565
565
565
564
564
563
563
563
563
563
562
561
561
561
561
561
561
560
560
560
560
560
559
559
559
559
559
558
558
558
557
557
557
557
556
556
555
555
554
554
554
552
552
552
552
551
551
551
551
550
550
549
549
549
549
549
549
548
548
548
547
547
546
546
546
544
544
544
543
543
543
543
543
542
542
542
542
541
541
540
540
540
540
539
539
538
538
538
537
537
537
537
536
536
536
536
536
535
535
535
535
534
534
534
533
533
533
532
532
531
530
529
529
529
529
528
528
528
528
528
528
528
527
527
526
526
526
525
525
524
524
524
524
524
524
523
522
522
522
522
522
522
521
521
521
521
521
520
519
519
519
519
518
518
518
517
517
517
517
516
516
516
516
516
515
515
515
514
514
513
512
512
512
511
511
511
511
511
510
510
510
510
510
509
509
509
509
508
508
508
508
507
507
507
507
507
507
507
506
506
506
506
505
504
504
504
503
503
502
502
502
502
502
502
502
501
501
500
500
500
499
499
498
498
498
498
497
497
496
496
496
496
496
495
495
495
495
494
494
494
494
493
493
492
492
492
492
492
491
491
491
490
490
490
490
489
489
489
488
488
488
488
488
487
487
487
487
486
486
486
485
485
485
485
485
484
484
484
484
483
483
483
483
483
483
483
482
481
481
480
480
480
480
479
479
479
479
479
478
478
478
477
477
476
476
476
476
476
476
475
475
475
475
475
474
473
473
473
473
473
472
472
471
470
470
469
469
469
468
468
468
466
466
466
466
465
465
465
464
464
464
463
463
463
463
463
463
462
462
461
461
461
461
460
460
460
460
460
460
459
459
458
458
458
458
457
457
457
457
456
456
456
454
454
454
453
453
453
453
453
453
452
452
451
451
451
451
450
450
449
448
448
448
447
447
447
447
447
447
447
446
446
446
446
445
445
445
445
445
445
445
444
444
444
444
444
443
443
443
442
442
442
442
442
442
442
441
441
441
441
440
440
439
439
438
438
438
437
437
437
437
437
436
435
435
435
435
435
435
434
434
434
434
433
433
433
433
433
432
432
432
432
431
431
431
430
430
430
429
429
429
429
429
429
428
428
428
427
427
426
426
425
425
424
424
424
424
424
424
424
424
424
423
423
423
423
423
422
422
422
422
422
421
421
420
420
419
419
419
419
419
418
418
418
417
417
417
417
416
416
416
416
414
414
414
413
412
411
411
411
410
408
408
408
408
408
408
407
407
407
407
407
407
407
406
406
405
405
405
405
404
404
404
404
403
402
401
401
401
401
400
400
400
399
399
399
399
398
398
398
398
397
397
397
396
396
395
395
394
393
393
392
391
391
391
390
390
390
390
390
389
389
389
389
388
388
388
388
388
388
387
387
387
387
386
386
386
385
385
385
385
384
384
384
384
383
383
383
383
382
382
382
382
382
381
381
381
380
380
380
380
380
380
380
380
380
379
379
379
379
379
378
378
378
378
377
377
377
377
377
377
377
376
376
376
374
374
374
374
373
373
373
372
370
370
369
369
368
368
367
367
367
366
366
365
365
365
365
364
364
364
364
364
364
364
363
363
363
363
363
363
362
362
362
362
361
361
360
360
359
359
359
358
358
358
358
358
358
358
357
357
357
357
357
357
357
357
357
356
356
355
355
354
354
354
353
353
352
351
351
351
351
351
350
350
350
350
350
350
349
349
349
349
348
348
348
348
348
347
347
347
346
346
346
346
346
346
346
345
345
345
344
344
343
343
343
343
343
342
342
342
342
341
341
341
341
341
341
340
340
340
339
339
338
338
338
338
338
337
337
337
336
336
336
336
336
336
335
335
334
334
334
334
333
333
333
332
332
332
332
332
332
332
332
332
332
332
332
332
331
331
331
330
330
330
328
328
327
327
327
327
326
326
326
326
326
326
325
325
324
324
324
324
323
323
322
322
322
322
322
321
320
320
320
320
320
320
320
319
319
319
319
319
319
319
319
319
318
318
318
317
317
317
317
317
316
316
316
316
315
315
315
314
314
314
313
312
312
312
312
311
311
311
311
311
311
310
310
310
310
308
308
308
308
307
307
307
306
306
306
305
305
305
304
304
304
304
303
303
302
301
301
301
301
301
300
300
300
299
299
299
299
299
299
299
298
297
297
297
297
296
296
295
295
295
294
294
293
293
293
292
292
292
292
292
291
291
291
290
290
290
290
290
289
289
288
287
287
287
286
286
285
285
285
284
284
283
283
283
283
283
282
281
281
281
280
280
280
280
280
279
278
276
276
275
275
275
274
274
273
273
272
272
272
272
272
272
271
271
270
270
270
268
268
268
268
268
267
267
267
267
266
266
265
265
265
265
264
264
263
263
262
262
261
261
261
261
260
259
258
258
258
258
257
257
257
257
257
257
257
256
255
255
255
255
255
254
254
254
253
253
253
252
252
252
251
251
251
251
251
251
250
250
250
250
250
250
249
249
249
249
248
248
248
247
247
247
247
247
246
246
246
245
245
245
244
244
244
244
243
243
243
243
243
242
242
242
241
241
241
240
239
238
238
237
237
236
236
236
236
236
235
235
235
235
234
234
234
234
233
232
231
231
231
231
230
230
230
230
229
229
229
228
228
228
227
227
226
226
226
226
225
225
225
224
224
224
224
224
223
223
223
221
221
220
220
220
219
219
218
218
218
217
217
216
216
215
215
214
214
214
214
213
213
213
213
212
212
212
212
212
212
212
211
210
210
210
209
209
209
209
209
209
209
208
208
208
207
207
207
206
206
206
205
205
205
204
204
203
203
203
203
203
202
201
201
201
200
200
200
200
199
199
199
198
198
198
196
196
195
195
194
194
194
194
194
194
194
194
194
193
193
192
192
192
192
192
191
190
190
189
189
189
189
188
187
187
186
186
186
186
186
186
184
184
184
184
183
183
183
183
183
182
182
182
181
181
181
180
180
180
180
179
179
178
178
178
177
177
176
176
176
176
176
175
175
175
175
175
175
175
174
174
174
173
173
172
172
172
171
171
171
171
171
170
170
170
169
169
168
168
168
168
167
166
165
164
163
163
163
163
162
162
162
162
162
161
161
161
160
160
159
159
159
159
158
158
158
158
157
157
157
157
155
154
153
153
153
152
152
152
152
151
151
151
151
151
150
150
150
150
150
150
150
149
149
149
149
149
149
149
148
148
148
148
148
147
147
147
146
145
145
145
145
145
145
145
144
144
144
143
143
143
143
142
142
142
142
140
140
140
139
139
139
139
138
138
138
138
138
138
137
137
136
136
136
136
135
135
134
134
134
134
134
134
133
133
133
133
133
133
132
132
132
132
131
131
131
131
130
129
129
129
128
128
128
128
128
128
127
127
127
127
127
126
126
126
126
125
125
125
125
124
124
124
124
123
123
123
123
122
122
121
121
120
120
120
120
118
118
118
117
117
117
116
116
116
116
116
116
115
115
114
114
114
114
114
114
114
114
114
113
112
112
111
111
111
111
111
111
110
110
110
110
110
109
109
109
108
108
107
107
106
106
106
106
106
106
106
105
105
105
105
104
104
104
104
104
103
103
103
102
102
102
102
102
101
101
101
101
100
100
100
100
100
99
98
98
98
98
98
98
97
97
97
96
96
96
96
95
95
94
94
94
94
94
94
93
93
92
91
91
91
91
90
90
90
90
89
89
89
88
88
88
87
87
87
86
85
85
84
83
83
83
83
82
82
82
82
82
82
81
81
81
80
80
80
80
79
79
79
79
78
78
78
78
77
77
77
77
77
77
77
77
77
76
76
76
76
76
76
76
75
75
75
75
74
74
74
74
73
73
73
73
72
72
72
72
72
72
70
70
70
70
70
70
69
69
69
69
68
68
68
68
67
67
67
66
66
65
65
65
65
65
65
64
64
64
63
63
63
62
62
62
62
61
61
61
61
61
61
61
61
60
59
59
59
59
59
59
58
57
57
56
56
56
55
55
55
55
54
54
54
54
54
53
53
53
53
52
52
51
51
51
51
51
51
50
50
50
50
50
49
49
48
48
48
48
47
47
47
47
46
46
45
44
44
44
44
44
44
44
43
43
43
43
43
42
42
41
41
41
41
41
41
40
40
39
39
39
39
38
38
38
37
37
37
37
37
37
37
37
36
36
36
36
36
35
35
34
34
34
33
33
33
32
32
32
32
31
31
31
31
29
29
29
29
28
28
28
27
27
27
27
27
27
27
26
26
26
26
25
25
25
24
24
24
24
23
23
23
23
23
21
21
21
20
20
20
20
19
19
19
19
19
18
18
18
18
18
18
17
17
16
15
15
14
14
13
13
12
12
11
11
10
10
10
10
10
10
10
9
9
9
9
9
8
8
8
8
7
7
7
7
7
7
7
6
5
5
4
4
4
4
3
1
1
