8000
103
62
1802
1883
12
699
1260
1820
162
1419
949
655
422
522
16
857
1412
901
229
662
1120
1607
71
1525
351
1505
1324
1847
1548
1682
1455
885
765
1857
1095
841
1229
625
1788
1165
1176
1107
730
779
1200
1070
1448
679
1261
914
1275
1465
793
1397
1922
772
109
1737
1223
1851
103
1027
87
672
177
1496
1802
1249
906
891
1855
176
1213
1825
954
624
327
1438
260
1308
347
337
1795
316
1863
572
1866
531
924
1820
803
610
201
1199
1999
1561
1689
524
1645
1226
83
622
701
1730
1502
61
576
1088
519
1301
1403
198
411
1271
649
950
967
1494
286
1000
771
1827
1777
862
596
67
1313
361
1546
329
551
636
29
1178
900
910
1305
1152
193
72
1616
26
1507
717
440
1126
1894
171
1831
42
28
106
1343
1986
1937
1271
732
184
1669
947
780
1260
453
745
1870
267
788
1832
1942
1198
1229
1691
784
1255
1978
968
1500
558
1899
267
1554
1500
1302
825
1594
1525
195
560
1504
885
120
772
1221
1101
1423
483
1379
410
741
1973
1719
1759
1608
918
492
1687
115
1482
1580
552
1994
219
1084
713
313
701
1783
951
1512
695
913
379
1943
218
68
327
784
1495
922
1358
1350
1721
93
783
1208
222
128
448
1730
275
1564
1519
787
1818
1413
525
794
1175
10
195
994
1316
543
1778
1581
1197
1037
46
309
1759
964
705
32
217
1625
639
578
1613
469
885
321
349
883
253
1082
868
1067
979
931
1079
862
1504
715
395
904
1471
460
1094
1739
547
203
848
120
1380
100
379
1882
1377
396
1096
1208
1050
1622
709
1932
1120
1265
1600
1913
1388
405
224
970
684
1134
1978
96
1747
866
822
802
40
1674
755
1814
1941
1822
1368
1293
529
111
188
511
1910
344
1950
463
1890
674
869
1428
1103
1806
551
1744
1542
1953
1139
444
1960
1917
324
721
1083
1856
1028
243
711
1469
1861
779
350
1361
1448
773
397
1469
1942
873
102
734
1419
665
1667
893
1408
1461
775
492
1748
796
1291
1952
804
1886
1689
268
1840
1569
89
1838
1120
1672
325
199
1869
986
1000
1723
1137
1259
423
14
1146
1890
212
1319
1739
1031
1939
139
86
1044
1900
805
634
1430
1992
917
1971
431
1490
1978
1054
365
1019
1706
377
1040
428
1314
568
517
1484
68
298
1346
1849
446
166
1981
585
363
1343
1096
14
1669
262
1710
329
1864
1991
55
561
1446
1840
1087
1450
639
976
1972
472
363
1055
523
640
1955
1844
175
1763
1246
829
843
753
1471
1651
134
21
1753
1536
990
694
1583
1765
1143
213
948
94
1358
450
1292
618
1677
1670
291
1023
1276
1716
541
1176
1462
1643
1112
1833
927
1710
218
1690
1194
1940
772
1196
1303
1720
450
822
1306
1917
1816
1152
1727
846
1295
1217
1414
228
696
405
1016
823
1257
1720
1534
1042
1290
548
851
1696
1258
1143
988
1460
177
1111
114
323
1082
1654
1692
774
1919
1212
300
1963
1190
863
526
421
489
950
307
1338
647
1446
888
279
65
782
955
384
686
1203
89
1998
820
163
1411
1061
300
883
1943
1636
974
251
402
1380
346
1915
708
646
1525
23
951
1567
1393
230
610
732
300
320
448
256
1459
637
722
67
337
405
1432
1237
86
1278
1391
156
858
754
1996
710
1127
1588
511
1075
1212
1640
823
100
1739
1515
1661
295
585
613
963
1207
1479
103
964
184
1532
499
1986
428
904
320
935
1800
1132
682
895
1331
65
1478
896
1003
1754
1977
1902
1170
1999
1944
277
1338
1796
1673
210
99
966
1288
1384
1130
1123
1279
1650
354
934
1708
1473
1722
102
1255
1367
1167
1955
1066
196
1838
803
1105
1584
993
1913
1222
611
1890
162
522
1908
542
1840
1217
1927
1061
706
1723
1905
525
1963
1373
1495
1863
1901
706
1891
882
1022
882
1239
1658
464
735
606
914
631
741
202
561
52
897
536
1168
400
775
580
1438
357
1747
1133
469
244
664
624
310
1286
1038
1234
1730
1922
1538
502
1556
406
279
203
1189
1610
226
35
990
1237
1315
1365
67
1292
1170
1917
1233
1759
1286
1867
81
2000
1199
874
241
127
177
502
781
1382
855
673
960
1213
653
1655
1929
1522
1182
134
119
180
1147
1796
193
1280
834
861
1629
1687
1774
747
1328
1619
1393
1043
1573
1120
1368
544
503
391
401
267
1231
1609
968
1894
1013
88
1460
820
278
1136
744
1969
768
859
1925
221
130
1905
838
1269
1159
1530
220
1034
494
874
1040
1043
990
1923
692
219
725
1476
684
704
1961
1567
320
915
1629
1953
1210
402
489
1718
876
1588
1156
1995
1286
532
1179
1694
99
1721
526
419
1581
1595
1611
1688
1155
481
669
1140
284
895
1462
1254
1344
1586
419
266
1766
1609
1412
1122
1588
918
1969
1121
310
1717
1583
1093
666
1257
929
835
1796
1070
928
1543
1874
1716
74
1860
1676
1609
1359
1468
970
1873
1418
464
1360
58
9
1714
435
1148
1591
641
1807
594
1275
837
1917
918
1517
1267
385
1027
617
1489
141
1844
1446
686
1840
626
327
1794
1724
511
945
1579
1611
155
915
1490
1997
1184
1461
1276
653
1889
572
1482
1561
827
1029
904
845
734
1412
630
882
258
1318
539
592
144
390
1008
145
672
294
440
1486
1800
821
1770
278
1726
1746
1924
732
1474
905
1813
288
1424
525
12
837
425
1729
420
1442
1269
1918
1488
744
539
90
1754
479
457
115
1992
1498
1928
1181
1928
932
148
1688
1352
843
892
1372
268
1147
1214
1395
1577
1543
1473
1948
1979
338
584
1078
530
210
1327
303
878
355
979
1456
1949
1188
1784
274
1284
978
565
415
696
1331
856
1945
1681
161
1717
962
171
916
1043
1930
225
405
578
798
1070
755
1570
1584
1520
10
1175
616
1656
348
1324
781
1311
1372
246
625
1551
366
1358
1601
1829
557
1601
1501
1809
791
707
413
398
1477
1244
818
1670
1186
1477
598
1450
1391
787
1353
535
58
389
302
1128
1076
1792
216
1182
584
499
1227
848
1105
287
1311
225
987
1814
593
1107
1276
608
1771
1457
758
323
794
1297
1444
172
1844
1988
473
1296
964
1024
1286
1755
370
1047
446
1046
867
1158
1172
1703
1460
342
510
1810
997
526
1647
1961
1121
1603
1351
248
932
768
835
793
1375
1239
389
1689
1137
1680
461
781
881
550
543
1534
1065
233
1683
203
476
462
211
522
1615
707
322
447
1754
1661
1735
968
1270
1329
1230
1836
1996
1173
1199
1447
136
1005
107
1924
1511
1170
906
1157
481
1043
169
925
1059
624
660
856
1854
1259
1995
127
1231
868
278
1061
1222
524
569
1952
846
711
1470
1993
760
1296
1594
1588
727
798
1236
371
1467
1486
405
1915
1178
1442
1853
1509
1375
229
353
451
767
527
379
1608
1070
720
562
288
630
357
1767
607
886
1177
1091
1220
1418
1786
1964
367
1830
1846
999
673
1250
396
1888
1246
339
711
65
1201
888
1762
1112
753
1472
1840
1416
518
8
131
1910
1435
212
909
763
1872
528
1470
1428
1140
427
751
1850
1219
1742
1228
177
35
1589
515
475
1710
1310
1205
1401
872
1866
1884
262
946
1712
363
857
1999
1699
345
1100
1442
1395
900
1109
570
828
1402
676
1830
373
593
701
818
1881
347
1916
1704
1620
1805
208
840
382
83
1582
104
1483
1549
326
730
595
1626
21
635
30
1857
604
1390
176
1429
1483
1050
288
22
1614
718
1758
1786
1837
776
1684
885
1702
1509
1048
1343
1584
1263
1380
21
67
1602
165
567
715
1304
97
1274
445
1274
295
344
1144
1028
704
1778
476
237
464
974
1905
807
1649
147
1610
1652
1088
3
1566
1337
1650
1698
177
524
448
1114
159
697
93
1678
1841
432
236
756
1209
311
460
1988
277
1861
234
1344
425
66
462
995
572
531
1417
1447
1190
86
377
1954
51
290
1357
1183
1493
1981
1999
675
423
1749
1342
141
905
1180
1311
622
1281
1156
1345
1085
607
647
261
340
564
1315
201
1435
267
1995
1308
657
1196
919
1706
207
88
1096
819
1103
1483
143
113
354
449
1258
354
97
310
1046
92
1917
153
1958
849
789
263
423
1039
1886
1981
1639
1947
75
165
644
198
647
1072
1495
1485
1210
1219
1704
1067
1031
816
1741
211
1047
801
1888
795
508
740
880
964
635
1595
1419
883
938
714
871
689
1698
1731
1802
428
1766
1820
1429
1844
1401
1108
983
1180
1582
1527
1303
250
336
1799
1585
1161
313
1360
337
340
295
1062
1455
1683
1501
1454
1979
1155
1797
1765
1883
1302
1694
1510
906
1917
1940
1692
1642
1162
846
1774
1721
689
152
154
527
1299
256
465
994
1541
1248
1850
1186
21
614
613
943
325
1442
449
1112
1158
1237
566
1245
99
1809
1109
1370
126
486
798
695
1430
163
1335
1492
1207
1070
557
1395
789
444
1538
1647
1849
1462
1053
932
27
1779
266
1200
1364
128
1159
1904
1108
1135
1485
484
666
1928
756
361
1807
645
1939
586
706
249
648
1608
1200
411
1882
178
778
1891
1381
1634
377
1481
1918
685
365
947
1618
1153
1999
1404
376
251
136
972
911
736
1204
57
535
1793
1745
874
488
983
826
493
1011
1803
94
440
1197
1061
728
665
1807
1633
1221
925
1156
1880
139
152
87
626
1986
1375
1830
1193
1277
1838
1947
1288
1339
1935
1101
1955
1424
119
366
152
576
1176
1856
1938
1191
333
1563
1139
1573
74
1032
587
1752
1181
1126
577
1820
1374
78
1220
1176
1784
1491
1606
1164
1738
1871
320
656
1889
1632
1053
443
567
1808
1235
865
1841
1987
822
210
457
485
1107
102
1963
361
179
761
1875
1512
1143
1929
1761
1705
1472
922
1201
1115
638
290
185
154
1431
1895
1651
854
688
185
748
1099
180
1439
233
1436
1041
882
1907
1565
769
904
842
1399
937
1871
854
122
1609
25
1224
1443
1444
742
1874
1762
422
813
1068
129
1142
1811
1348
465
48
425
1548
1134
794
1373
319
736
1458
1208
813
1922
366
116
224
1423
697
793
194
1714
713
1362
1722
835
1152
1361
115
339
1212
447
509
494
1897
866
1114
1583
746
1636
1912
914
1330
612
1136
1815
1077
1214
1261
1786
683
140
1429
560
710
200
1965
702
1767
156
1736
391
1037
120
1202
862
1664
1957
240
1518
1030
1849
1287
1670
1136
1746
525
296
515
878
1639
432
552
1451
564
531
1526
951
1180
1157
1537
1512
44
1360
371
1487
1444
1135
1006
1497
780
805
1436
1601
859
1444
668
1771
343
1779
368
1311
1855
164
961
4
990
824
163
581
824
137
543
1072
273
1440
1480
355
1954
1703
1675
35
490
844
1146
638
437
1298
1416
407
1790
1796
1487
1289
874
212
1494
78
408
711
1790
604
965
2
339
1835
1800
1058
1287
1451
929
337
275
1395
1485
1380
184
267
1213
1506
1942
1340
95
471
1399
806
466
438
1889
925
416
1493
815
20
1406
367
1585
1647
1185
1928
465
199
910
1907
393
791
451
1983
661
138
1377
1578
1566
1537
376
1675
1403
1869
1319
497
749
1560
785
11
1095
1954
217
861
64
1916
1470
138
1633
1977
764
1326
1997
1299
89
948
713
663
11
1807
1331
1883
968
844
1791
1183
289
1541
1680
116
1932
478
1811
956
532
1570
1200
1715
1937
617
1765
1509
229
891
722
678
1448
1757
809
1344
305
275
1109
1536
796
1366
1599
1431
1160
1879
18
268
5
950
1102
497
1340
1022
1912
1992
502
1131
1856
733
1532
1967
1180
1060
1439
316
70
1255
1627
291
1977
1715
969
1498
52
266
537
160
735
1222
978
118
179
308
1449
1908
176
1244
1393
1600
686
580
367
530
1246
1009
41
1558
1455
1030
1428
1410
64
1641
1991
1128
1054
995
1121
641
1981
1077
810
1701
1086
1187
228
359
1741
1071
1295
242
223
1929
952
840
394
1059
1801
124
1059
1286
1480
417
829
1017
972
1983
844
79
1556
1139
1300
1863
1346
451
1014
1815
169
318
1736
38
539
1181
220
1358
930
943
274
1330
830
1650
1976
392
1585
997
1310
1561
592
524
1106
216
1906
1421
493
1423
1892
1688
452
558
1033
489
1455
965
537
538
111
1192
1907
1791
713
1590
35
566
1723
681
488
990
226
1758
335
1710
1144
1471
1153
1873
1291
1928
1268
1432
1404
663
241
1639
889
1223
1596
1168
971
85
486
1046
1326
589
1841
701
596
754
1450
1786
1036
92
1721
845
1576
1172
1132
795
376
457
1646
1224
462
51
250
847
328
1580
377
1562
32
683
1282
402
1327
1180
1071
705
1532
1028
762
1538
768
1321
737
1669
925
291
1457
1881
227
312
1002
1402
551
784
1320
1638
168
231
737
627
1922
682
1623
1657
520
1313
1095
1005
831
1682
1907
358
482
219
1156
408
309
1507
1556
375
1482
1879
503
287
1502
118
334
1310
1935
1817
1351
869
1439
1533
1195
203
1161
197
900
283
284
1366
819
456
1957
727
1226
1665
1478
286
1515
193
1359
225
386
991
1684
1232
1126
1389
1324
1739
345
114
1740
1920
1371
1548
1329
1737
160
722
1483
937
1590
99
1014
16
1645
1577
46
399
1334
985
671
1021
1916
1289
1536
380
1622
717
1696
1195
1860
757
1432
617
198
1863
594
1918
1616
1217
644
48
1667
96
448
203
335
1918
321
214
65
1521
1030
297
1482
1660
482
166
1937
267
1050
1018
917
1620
330
515
1582
1052
954
862
1371
587
1846
1063
749
1086
666
1468
356
1072
2
1847
1737
1833
816
1034
795
196
1185
168
949
8
1183
955
165
1980
256
1809
23
589
1154
228
1100
1611
1491
1843
1643
503
726
1872
1935
77
1968
1982
1966
810
1009
604
735
1682
1798
1575
1848
89
496
1877
1938
580
181
844
1440
1740
1902
390
697
1794
887
1933
1846
1319
890
755
377
56
450
1413
1782
846
734
440
580
56
453
739
1401
185
957
1637
397
405
629
1509
865
1169
1349
452
916
285
1950
1880
926
933
1374
1056
1272
1565
1231
817
568
252
391
1598
400
303
1490
1683
1772
5
224
1230
167
1722
1027
429
660
151
1370
1121
66
1344
646
228
971
1004
400
1115
777
706
1449
1229
1165
447
1675
1102
28
1327
536
1742
1963
695
173
693
1551
891
1625
332
1591
667
1690
1510
1892
620
1179
900
482
1552
1464
1432
1000
1032
1154
1740
1255
363
520
1347
951
1053
895
138
1393
1141
1892
473
1671
1845
915
1915
420
1892
22
487
666
518
294
477
350
1958
1707
1629
1256
1861
1225
244
180
155
535
600
1069
1540
1907
1968
823
390
1715
994
12
608
1954
1445
1754
145
356
451
168
1309
1331
1626
344
1036
262
663
1873
1740
1226
1685
634
958
1733
1712
1373
1943
785
1275
1660
1307
252
895
573
204
316
364
1874
107
458
651
379
247
1081
813
271
707
484
1410
357
640
614
53
1725
1977
1767
1607
1691
1235
86
1088
1881
1735
351
1893
320
738
390
1552
1388
434
1782
467
428
1660
764
1237
713
226
1758
1216
891
1463
256
463
1061
1500
551
746
535
115
325
1373
604
1878
1175
1266
84
1210
1067
746
1215
1028
160
1276
930
330
1667
266
824
1066
1401
1167
1390
119
707
1775
1945
1005
1637
1881
1805
734
231
1502
1304
1734
1714
1473
1901
72
1404
1956
548
1139
70
492
391
1071
576
1763
1544
185
1709
983
1631
695
1224
150
1272
1351
1855
1959
1181
1488
334
1468
24
926
792
557
862
1238
1120
1734
1436
1985
1071
215
391
945
1767
1928
570
290
1903
1079
521
780
1482
1282
1459
1741
1953
97
327
1026
1123
307
1971
1232
1180
572
212
949
1649
1167
928
764
942
839
970
569
1713
1709
1806
40
1793
1969
705
760
290
489
780
1172
798
617
1366
255
159
338
130
75
1117
201
288
197
1357
1133
1576
626
1240
799
1421
939
1602
433
1035
538
1544
1058
1372
1708
361
147
389
1016
1486
723
1438
47
1860
1850
757
1773
98
1799
197
600
467
374
144
1616
901
1705
1499
1584
1683
1306
1757
1897
1373
1472
1917
833
189
1206
1075
299
1071
1666
573
1242
1740
515
1514
1335
1247
1163
712
1444
1762
1991
243
808
959
145
1938
146
1908
1574
11
1270
273
431
1308
1002
1656
491
1434
1568
663
1205
1921
626
1542
1734
1412
666
1602
396
826
679
1029
1162
5
1236
567
526
1556
147
1124
1984
1332
636
625
658
383
530
1132
1097
890
1857
1079
670
1600
401
954
1145
884
1881
1100
1967
80
1018
1767
548
1214
1289
749
1683
744
304
1060
601
810
610
1097
221
143
89
1135
618
1943
1362
820
911
817
890
430
304
494
1376
292
854
1469
85
1129
180
688
1728
127
1719
388
407
1128
813
1721
1442
1065
818
510
1621
749
1189
145
193
1181
1792
702
1352
1012
643
273
1766
1670
703
1715
133
864
1966
310
1807
314
1129
1257
868
372
61
711
624
1323
1491
1848
472
1444
1788
933
1042
1515
40
1357
550
1524
596
66
1878
1760
1045
1123
675
1807
1801
317
1658
819
723
689
1142
819
1046
1905
1469
1138
393
1050
1702
1589
1798
1553
163
387
343
1749
1511
297
1108
1963
1597
321
1247
1062
521
1172
633
1491
1470
979
1553
1974
1082
13
190
321
755
76
1804
903
1763
983
1749
1202
1387
1999
1360
567
1706
1424
1142
975
395
716
1728
732
813
802
322
1221
641
85
1588
1745
771
1786
728
624
356
1307
1012
1665
415
183
177
1872
1162
766
823
1126
62
294
1675
1746
1603
357
1089
902
1733
963
1125
266
569
487
1268
1358
409
1421
405
74
1839
573
467
771
372
1792
199
1338
1710
397
84
229
1410
1859
334
382
50
1963
1552
752
1827
1156
1734
550
1569
1661
1921
323
834
1235
707
132
149
441
349
1969
564
877
1880
824
659
388
1665
953
1640
1800
933
1561
16
391
839
1940
1663
81
467
1248
146
1452
177
909
242
717
41
1255
795
384
65
1525
148
162
1744
254
751
697
1194
1917
242
42
525
155
814
1453
495
1235
477
384
1092
812
110
1370
101
279
1646
1516
659
1876
1800
974
398
1854
1327
1199
1645
1380
1328
1922
754
1948
1342
601
1918
730
1111
775
708
300
672
1635
1734
1886
1730
1468
925
1251
1667
1821
91
236
351
1496
1888
431
409
1711
261
1322
239
296
357
1608
1282
525
217
1572
219
1832
1249
47
1434
80
612
1908
1175
695
214
1710
1549
823
1581
515
750
38
1344
1749
683
1598
745
1059
807
747
939
1285
1922
1619
1375
719
206
128
840
1907
725
1324
1588
99
970
131
1348
524
1789
1665
602
1993
508
1932
739
923
245
1074
1039
430
362
488
314
666
691
1401
495
966
764
900
759
390
1329
614
209
1897
446
1435
1278
1698
1302
1766
1663
703
875
1527
1739
1612
1969
680
1356
946
444
1451
1333
520
1339
199
467
1897
624
894
1671
279
1349
1820
832
1303
1223
1887
259
296
1146
1293
965
336
275
843
1101
971
674
1852
1104
452
1397
1913
1220
1679
360
1933
854
1212
868
1743
908
1488
1345
1079
1918
1194
166
615
560
301
133
189
151
1054
1268
1441
1612
843
537
1196
36
310
72
553
1113
1072
1591
1101
1701
1853
468
436
830
543
1731
1979
450
1914
473
985
281
1897
1165
207
1114
415
541
558
812
623
1036
1588
805
1800
970
369
943
860
57
343
1147
1020
1735
1923
965
263
1968
922
549
383
1968
773
284
60
1390
921
280
964
1445
610
1388
1122
1519
1133
1884
886
195
810
4
831
1063
1694
582
693
1866
1191
33
650
92
1056
1939
1893
1083
787
1244
1877
1398
1045
1635
237
796
1393
713
1045
1343
1844
1029
1053
1618
1587
1448
503
930
485
1186
1968
1200
1964
1481
1972
1133
292
20
1768
770
1707
368
216
1612
1236
1060
1876
1792
1976
1264
241
59
1272
1573
1900
108
1777
1301
1454
517
299
897
385
997
707
1092
1533
31
1434
1600
950
818
1623
1459
64
1626
1086
885
1369
1037
102
1090
370
1278
1092
500
620
1027
525
1785
908
178
1589
1312
232
1370
1241
360
1140
1743
111
1825
1554
668
1000
995
1519
701
660
1671
1960
796
262
218
552
1550
501
264
575
95
1507
841
1108
639
464
1783
1257
1846
450
513
1749
1797
1948
1184
1712
975
1562
1732
319
1477
1473
458
894
1519
1601
61
1829
64
102
1133
413
996
738
1350
1177
789
487
1077
1459
1299
1955
77
1868
729
1804
141
1725
1671
908
528
1912
180
897
1515
1388
1457
713
1280
1182
1966
170
1475
1463
1570
1877
1078
488
1783
207
1503
1988
676
467
1645
1890
1151
1932
71
1658
804
721
729
1185
1654
191
1647
976
1387
1488
1567
1172
125
950
1377
1049
240
18
623
1377
679
357
1045
248
234
231
949
480
1169
1660
1304
1299
96
1918
1341
408
389
42
1547
568
110
1235
1686
1834
1273
18
1217
923
1211
351
768
603
1354
1068
1475
79
1824
1983
257
576
281
1635
2
1553
1288
572
1330
1207
554
200
388
771
765
1473
1896
936
1401
5
1335
283
596
1280
1471
1307
779
1000
1268
860
1178
594
1867
368
1617
592
1476
982
1131
213
560
1856
34
1667
597
1300
821
660
935
1768
1321
1260
594
617
205
1742
1149
507
453
1395
1628
512
971
1760
725
1177
155
851
1342
703
378
1164
1731
5
927
1640
21
105
1474
1416
1011
610
1153
1871
1015
1359
424
1325
1038
1729
1730
270
1520
1099
1058
1851
1149
530
1350
1803
1850
533
455
1416
470
1328
1369
264
1217
354
1393
156
510
892
1254
1516
1334
211
819
1285
820
254
1711
607
1845
548
54
27
451
339
692
1711
1547
177
857
774
1078
420
1252
172
470
341
1542
33
1892
1340
317
641
1759
877
1132
1698
969
393
599
1922
1178
367
1908
1888
48
1834
973
531
990
1123
230
965
819
86
1407
56
876
912
798
651
1277
1466
1780
933
1502
221
648
1564
315
1012
1526
1764
994
1422
1050
457
1189
1287
168
1165
162
250
272
1219
1153
879
1049
1654
1483
1487
61
662
1334
641
1631
829
699
1993
1884
1166
28
1569
919
574
1671
490
177
1582
1884
1447
40
221
1849
1581
1537
1864
1023
410
1242
1847
228
854
1828
1544
1189
1940
939
1213
1756
775
1343
1070
1180
199
1960
207
649
1512
1218
551
882
646
437
1728
341
1818
791
1296
858
1569
771
1102
353
1539
64
588
276
1783
690
1474
571
50
1189
22
795
1796
1523
1045
784
1221
1886
1796
789
215
356
1165
1164
1780
89
685
1865
110
1678
1771
1691
1145
1306
1070
1815
1505
1851
1184
1069
1531
1622
117
145
761
487
313
347
1028
972
749
35
1796
1380
319
1487
357
1345
755
1076
1893
784
1350
463
1071
1284
149
606
286
1852
924
1798
1982
605
1558
356
1080
658
1989
1715
140
1538
1224
109
608
1829
483
1123
312
323
1240
213
454
607
631
1969
1883
601
1935
1133
978
1146
1679
234
623
315
432
1097
1453
275
176
1272
1484
1858
12
235
1359
873
1916
239
316
1912
618
1226
225
1101
1946
128
1912
250
1297
911
1693
1259
1429
397
499
1833
684
843
61
1701
152
1022
1852
99
1991
972
806
534
228
607
729
1022
473
1571
76
1219
228
541
1876
313
752
1271
363
1196
1730
1101
24
1017
350
561
1609
679
103
269
602
587
140
908
1510
758
1505
607
1318
1407
941
1671
647
1510
315
1049
445
1251
1349
577
1363
1692
1831
342
538
134
1747
335
348
290
920
455
18
1453
1671
361
1869
418
1591
1091
606
1574
369
528
202
1696
269
1309
154
1171
1440
1554
1344
1253
1799
1970
1472
1010
1336
590
1244
1372
1317
840
1594
158
889
724
608
690
1429
522
77
216
1067
1080
1171
1242
1134
1496
1698
1457
1437
247
1055
777
1887
615
92
427
1324
261
1664
1827
506
456
920
213
1050
62
10
810
1342
1520
1039
1317
1495
192
1550
720
231
391
1141
1733
698
121
101
120
118
858
1492
1528
244
341
343
969
739
1861
1824
1746
503
1336
1934
1505
1511
1567
267
411
1252
366
1729
444
396
1749
855
1221
737
881
560
185
620
1029
1536
987
1257
1489
1832
333
1039
752
622
1394
1098
742
569
1182
1291
721
60
245
21
1931
1854
45
54
1177
7
83
423
359
1501
1699
1391
1508
1518
1776
318
937
968
1583
620
1010
1566
992
744
1441
669
124
1573
1213
1925
1765
113
368
1077
1229
1869
1888
46
1641
1282
1018
1803
896
107
1515
917
1826
1101
1951
224
611
363
712
1176
1812
165
667
155
642
1097
841
188
1683
340
231
1138
1865
539
1990
1330
488
999
811
798
521
1199
1064
1305
188
1750
1543
250
1969
348
716
1357
865
1538
1051
1575
1153
802
617
627
480
513
1586
1339
11
1657
1803
1221
1576
1205
1774
1453
344
1185
161
1844
1136
1067
452
225
464
639
34
582
1577
125
1412
628
1613
1019
1751
371
195
1084
343
1148
1885
799
1364
32
212
1526
569
392
653
1356
1896
830
721
445
540
874
1077
1478
548
275
1443
1792
1875
987
1322
1454
934
1109
1987
76
1785
725
1555
1987
277
1630
542
1172
1807
348
698
797
798
1405
1210
926
960
515
820
1662
574
1484
990
367
598
321
757
508
1785
1854
1462
36
1960
1467
1514
492
534
141
1871
1305
1170
1791
1672
1636
15
1773
681
1235
939
546
131
1130
226
764
1116
1347
437
1223
1951
690
1433
528
456
3
1991
1246
312
1596
1939
1174
1574
1774
1236
1151
1880
1226
300
1341
1997
1466
200
931
113
951
1400
1728
489
1394
1695
1531
1600
529
890
324
10
81
1389
1706
68
316
315
2000
1334
1621
1978
1656
1260
1931
1254
1663
928
506
992
1107
987
1625
1393
1293
1488
1499
1986
344
550
686
981
1076
1997
422
364
116
818
292
1678
245
519
98
235
1874
939
1145
1183
1140
1539
674
398
99
1051
37
1331
541
375
1079
1691
1195
51
1103
1865
1249
1151
307
134
371
1183
1311
1641
1943
466
1891
1412
901
1459
1896
502
1577
65
1560
981
105
827
1918
330
3
24
1971
1302
971
1133
912
1017
275
424
77
696
277
240
1462
929
236
1483
951
573
1885
531
1481
107
853
1622
516
826
292
441
928
702
859
1703
839
1279
218
166
1239
707
1000
845
1527
567
67
1092
1896
1545
1947
414
323
1933
743
567
1646
1742
1801
78
664
1948
1229
1277
560
1447
1015
191
1589
918
501
24
1328
1911
187
535
129
1872
877
324
599
724
293
1471
1145
1405
1335
1977
1020
180
1898
963
1311
731
92
1584
117
17
1779
676
1227
1560
1649
915
1795
152
1912
1225
1599
1766
169
105
157
1760
249
1743
207
1662
1012
1652
1418
217
351
1845
750
27
1034
787
1138
1456
318
1129
1719
760
1708
973
51
1420
480
716
1953
1880
901
102
187
173
546
1735
257
1388
1153
913
3
334
1326
1355
1696
512
817
948
5
938
986
203
1496
536
656
205
1623
131
327
1085
1998
1870
661
456
1732
295
1464
1893
1371
748
538
38
95
597
1289
1069
555
1297
973
1259
813
142
405
140
1057
780
1938
193
434
1734
488
719
74
419
1659
1977
1044
1864
650
1174
1768
413
1854
483
1684
427
1156
607
1368
808
415
1254
287
1040
707
1463
295
995
909
978
1306
1544
62
1511
572
592
396
1624
1875
166
1127
167
1218
1301
876
1876
433
846
1359
252
1253
115
384
575
39
39
1559
1967
244
1541
913
375
1683
82
883
874
1609
1139
1255
1605
855
556
604
831
1365
1446
475
194
1791
911
941
614
875
1283
1074
45
1036
1814
1198
441
1750
1276
733
388
143
616
621
1230
1046
10
426
588
283
83
775
1687
1351
559
343
1293
897
1138
756
838
635
1975
155
1956
1320
1180
1280
1946
1541
1694
1398
443
1404
1054
1014
1853
1966
1456
1911
212
589
1958
918
1745
554
1114
681
1427
210
1322
1716
480
314
3
1690
303
70
736
1489
1571
195
1626
1664
848
435
344
1604
206
1167
1876
781
1487
1635
1658
1058
493
1507
1999
601
1097
978
178
1825
1330
235
673
629
1783
723
1530
1473
972
253
1977
50
1953
1141
1860
227
1579
402
1626
1851
1164
225
1533
890
1115
201
1185
1870
774
994
1384
388
1362
1289
561
1939
1735
912
1784
1782
592
1692
842
838
216
838
1149
1372
1715
1123
529
440
621
1293
733
250
1675
846
996
1543
565
133
1068
701
1614
906
900
210
1573
1199
746
1014
632
688
368
54
717
1228
1545
624
1901
1045
1358
1725
897
1107
1368
1411
1198
959
1853
1631
1401
956
1360
1446
542
821
1599
1565
933
470
72
464
470
1521
1389
1147
1293
258
857
716
119
665
578
296
289
1395
765
242
1089
359
363
1934
201
631
433
232
784
1005
495
1052
847
1166
1069
1797
906
1641
1112
1497
730
944
1187
1041
963
1595
145
1307
1581
1643
1710
399
294
9
1655
1110
1306
495
1483
673
1094
1179
741
1045
46
1007
112
1312
1732
968
1129
1015
255
774
1624
1111
1286
1965
679
233
758
985
956
146
1219
1671
629
608
1509
510
916
1505
1844
367
1135
1890
567
1881
1647
1660
590
1067
1924
65
1026
1073
1710
923
670
1278
1075
568
1594
381
1191
1755
600
491
890
916
261
1901
1153
1714
249
1086
1012
7
1407
880
1860
1878
1337
997
1580
635
1600
1399
145
1159
1115
1040
1455
131
584
458
1370
1275
1721
1291
752
1050
1380
1036
1751
1732
45
1005
1443
1697
126
1490
1143
96
167
1952
1118
87
1390
50
1211
86
361
1893
1289
1466
588
1506
1895
640
1069
1821
1055
198
123
1644
1263
1097
171
802
305
364
1343
1137
1795
1352
836
1153
591
1761
1263
759
386
1380
615
1504
1679
763
938
429
169
1520
866
1481
1003
1928
394
731
1838
1222
156
274
155
893
31
330
1625
1492
846
675
163
1586
1678
1062
278
412
277
1261
1042
502
250
81
1714
1395
885
784
1262
792
1782
1779
546
1900
1968
449
234
1302
313
349
232
571
1666
463
13
1873
792
513
292
1581
1774
1234
1265
1819
820
1554
841
1017
375
384
179
32
1776
1297
437
94
382
109
1043
704
1040
1114
488
297
897
73
428
700
230
917
66
649
1314
505
1547
808
1445
1783
771
1841
392
1561
21
385
805
937
1373
1795
365
58
152
723
1138
290
781
346
772
1567
1373
1127
588
1271
937
148
713
89
1133
745
834
1545
119
1970
547
1070
1094
199
1493
35
78
464
647
731
1585
1240
278
1120
629
1322
1327
1745
353
559
424
1902
676
501
1005
291
1608
957
971
492
679
1716
1377
620
1334
1964
1585
1153
669
1815
474
96
185
1078
1796
866
1563
84
975
1332
145
1935
1819
573
966
368
1695
522
1604
492
1262
525
1919
1581
819
1067
477
986
690
176
510
178
1205
28
1678
1825
1826
1386
13
1009
1978
398
365
66
495
1664
1771
1361
1045
856
520
1557
484
1889
338
1743
1659
1904
1005
871
1914
1238
311
1821
431
1289
211
1970
1238
1509
1931
1507
172
1367
1297
1574
1652
311
387
1829
1610
85
147
1123
1342
1731
778
1130
1
1829
1949
372
1606
1012
1555
1339
1148
51
834
1114
1912
1382
1674
640
1112
114
1828
815
1613
171
1970
479
1132
447
561
32
1244
1163
1498
818
1370
1586
198
1676
1324
1814
1293
194
1741
1915
362
1586
1852
1173
532
1498
1817
462
298
1748
597
1987
824
1568
1490
376
1111
1077
981
240
1715
967
1577
557
570
1702
1164
69
1253
1777
1256
1876
29
1850
1489
1827
430
1366
1253
1013
1679
618
127
1504
661
159
61
277
385
1268
472
965
1131
1974
324
170
1639
1198
660
680
77
1131
454
1434
876
273
1566
423
366
1936
1240
1177
887
863
329
1931
1874
1868
933
123
1913
396
1516
1295
1681
193
629
1256
1644
318
1571
1520
671
581
1005
46
1400
1255
782
1979
827
1987
1831
78
1846
1608
1009
824
192
401
1128
327
1135
1997
1375
1580
1442
773
912
553
768
511
1056
1692
821
317
617
428
1259
1511
995
1175
573
1654
1698
385
1003
1978
1884
319
352
1306
1215
1077
375
1138
1534
32
1183
82
1888
572
1768
1783
1258
1772
930
1080
208
1979
738
821
117
1934
1543
1409
793
1497
31
86
808
291
1515
343
20
116
35
635
1741
1780
558
388
1
1096
1837
1451
1258
1756
1878
1215
730
1429
127
1633
1075
860
290
1144
1578
1527
105
696
733
1257
1933
585
519
1565
965
1566
228
1987
615
1854
386
1229
929
1028
434
1922
1261
537
194
299
245
1559
488
1262
915
1895
1336
616
1851
1328
853
169
1329
496
742
1683
100
870
952
1907
1968
345
420
1716
163
147
507
1860
17
315
912
811
254
1217
1903
1920
383
1844
833
1676
1676
880
1561
1448
1719
515
1411
1954
424
1144
1871
1002
160
1098
1091
1728
1982
1300
131
1902
1363
1625
972
538
145
1884
671
1509
1176
31
1287
415
1957
883
207
1014
1671
1384
353
1805
1832
1236
1269
853
1111
1364
735
76
1026
1675
1573
216
375
694
364
1571
1751
1970
1219
1910
1778
980
579
575
1335
1902
90
1786
1673
446
1228
1584
942
1818
932
1863
98
1653
369
1413
1046
728
957
304
263
1034
1686
1715
1329
985
1841
192
866
900
1956
304
262
1024
1859
91
995
1070
969
1320
1266
426
1363
1121
950
706
1507
1344
503
1922
619
417
111
1931
1665
223
1754
515
904
1299
1213
1438
767
1429
815
421
1052
37
827
1245
1232
570
1780
1359
1261
399
747
1547
1597
586
1575
1280
344
1548
1311
777
1576
764
495
151
1141
1482
1954
507
800
714
600
1519
1008
1681
988
1617
95
1240
1721
310
345
1644
552
338
1110
1667
1813
1447
990
29
326
1582
324
1015
1292
1547
330
1677
1129
1429
1434
7
1492
1374
479
610
40
425
1064
43
1900
1777
527
637
443
1524
107
1015
253
1436
1710
318
352
1381
325
1288
1369
321
197
1279
910
1036
831
1929
481
194
880
1984
1049
120
372
474
1612
211
1744
1150
806
402
641
1283
1661
139
1667
1528
1198
868
186
428
1289
1962
581
1291
1729
851
52
89
1155
495
1714
413
707
818
1209
1001
1222
1966
1791
1550
1826
747
841
926
276
1520
1839
1564
1297
864
211
748
1087
925
87
1825
1482
911
305
1140
971
1305
543
1786
1826
601
545
431
1730
1254
1507
276
521
738
1319
409
428
1471
1408
1794
1917
77
480
483
1462
875
1488
1508
1467
994
632
1941
437
165
195
360
301
449
1751
1404
640
1659
526
1914
1425
1693
565
576
34
1940
1861
1378
1395
1591
1289
560
1552
1237
690
860
1622
1747
426
1263
181
1358
930
525
154
1504
1074
150
330
1587
621
554
878
405
524
1320
620
536
1341
1806
417
1214
55
1986
771
1982
415
1264
324
1959
50
1050
16
957
1658
1270
1274
932
1395
519
1010
1683
477
1848
1724
921
1803
178
885
1167
1239
458
1992
1105
1136
558
974
161
1466
56
1115
244
668
804
13
1347
446
816
1816
253
1945
961
1140
393
1809
749
1580
1831
801
211
92
416
863
451
1694
397
1816
1195
1586
1302
1335
1693
127
1071
300
755
895
285
1283
244
1665
891
1974
1175
1222
1721
348
1856
1144
1708
958
1817
1682
455
1730
1755
365
1383
1870
1486
1890
233
957
1037
1329
208
1009
417
407
1086
349
1577
636
284
1209
1653
369
1733
762
519
991
1544
1484
260
862
1727
1834
699
602
1092
939
1139
926
506
188
563
393
918
1044
548
1794
1140
736
345
1423
1787
1877
1404
1065
1508
805
1699
187
1872
540
432
1670
1416
730
1200
1583
37
1951
222
948
1141
234
1894
1784
1556
1210
867
75
1982
975
1439
689
866
17
281
1993
1328
1308
486
1008
1994
1183
1451
882
1708
1855
1129
1366
562
38
584
150
254
367
1097
1368
1015
1315
1991
521
1103
1306
1690
373
676
630
1254
459
1123
1064
1412
936
309
201
1745
563
1548
626
1879
503
363
531
1178
378
1073
741
1787
764
1872
19
1475
126
1649
1684
1938
1359
285
902
157
950
1580
327
1959
1623
645
1175
1852
1661
887
1194
572
1774
384
1358
156
1656
931
403
197
1916
704
1614
1175
149
524
1265
921
1026
1787
1189
97
987
889
333
1660
1447
109
826
71
1251
243
975
44
939
1281
172
4
266
818
481
811
18
933
1222
105
683
671
1022
641
1031
739
1991
382
254
947
1741
50
603
81
100
1961
1320
540
1971
1372
68
1323
825
955
1334
1442
1620
1490
347
1640
1453
222
367
1271
1839
25
754
1710
1885
598
1250
1173
473
335
30
388
370
1827
613
1433
170
997
62
1648
172
1500
1928
1680
39
1253
1988
1985
771
883
1591
361
1043
1741
774
57
1371
1143
104
657
710
652
1324
150
1783
1827
1809
1883
1095
929
1398
439
1078
717
658
804
310
709
983
1687
458
1716
1549
869
1764
1480
1990
1959
1593
1873
617
1207
382
1321
657
317
844
132
1497
712
227
1380
352
1810
1928
295
278
1886
1181
1179
1249
812
1910
353
692
47
39
1818
620
492
1739
1514
1673
879
1101
1807
937
1318
1098
645
1716
235
367
134
1827
95
1703
410
979
1880
967
476
1828
422
1167
773
1982
1695
1096
725
1988
675
1345
1616
1893
1921
243
328
587
1610
1331
1878
1029
1084
1460
510
892
430
174
934
1306
290
1625
988
731
547
264
1221
1639
471
1541
1128
1314
1498
1260
558
661
1134
1497
923
1828
1076
42
165
609
619
1782
1256
1267
1630
1634
97
881
847
1666
359
1981
291
484
660
1367
658
391
1063
307
1088
1798
1416
5
9
1035
1735
1692
1648
1460
886
816
1677
553
113
602
1916
585
1399
1242
975
556
770
1276
1374
1807
582
1276
546
605
1551
1099
102
91
190
821
85
1761
1145
1338
1466
20
133
540
1658
408
964
1483
355
1188
231
1045
357
615
1657
429
353
1606
700
470
861
1038
1348
1867
1453
1735
406
167
1779
164
428
1432
1765
605
91
862
941
678
1595
1943
1708
1596
838
1182
1708
781
421
1535
1866
1533
882
748
1392
1543
514
24
1471
406
1442
1781
849
439
148
155
1702
991
1654
1140
1856
278
25
317
207
1663
1888
1262
328
1751
951
359
687
1796
322
1373
1622
1147
1500
1460
1986
1155
555
213
796
1582
1235
1583
1670
1399
185
447
804
1290
1053
1694
1311
509
128
109
246
1770
400
830
1972
348
607
15
654
1750
704
1264
1180
1993
934
689
495
116
33
1631
624
477
102
411
1428
1047
1197
608
300
286
157
1111
20
786
1987
255
63
1000
108
1221
1545
1089
780
338
298
1682
267
1265
1106
619
1407
886
1405
1897
248
1167
1668
599
815
1085
289
1024
1350
385
1364
343
1854
439
1842
1047
105
459
269
680
809
448
1123
1508
1272
1254
1542
1275
785
1539
1925
251
1111
1021
728
487
972
1729
1377
1504
1635
1185
1142
126
760
1171
1334
994
1973
1127
651
939
1637
940
242
1228
1351
631
716
213
1063
327
1994
108
1392
185
1879
1006
1555
630
1338
1820
22
613
830
152
1049
1108
1324
663
471
1702
166
170
12
1154
821
1036
790
1053
608
921
869
599
904
1571
1637
1743
1814
463
583
574
583
1603
1095
180
726
723
1632
1751
1437
1854
345
1256
650
1724
589
1578
374
785
1018
515
1222
1260
1914
633
1853
149
1304
276
1816
1226
734
185
524
624
1079
365
283
230
1507
883
620
298
284
1261
1669
1048
192
1800
1611
428
1313
1044
1041
1193
1254
1118
1681
467
1529
98
26
1967
21
1533
1911
1036
1159
1215
805
292
109
745
1113
1992
1800
1231
360
1792
47
1416
1299
1808
817
458
1060
1799
235
1749
1366
122
1809
1095
1433
319
845
1908
1922
337
516
888
930
1151
655
406
594
562
1701
1604
321
752
1768
878
1399
77
454
1523
193
182
386
853
1514
1003
1191
895
237
1746
599
1464
1987
468
273
1555
1449
1984
972
1894
1376
1220
115
1105
541
1138
659
1346
1397
1728
1489
379
1854
913
266
847
1600
1599
661
1018
1567
1751
1981
1701
976
1692
491
1236
1942
445
1017
970
1940
1867
1473
1110
1258
887
713
1701
572
1368
58
975
105
697
723
1292
398
142
1505
1554
654
1538
216
1545
6
1711
1620
785
364
74
1479
696
451
635
122
456
1143
296
807
1821
3
1124
1276
1684
968
1605
1746
166
1835
388
1383
314
1510
1106
216
1404
721
818
1939
591
274
1256
1473
1860
206
314
867
53
1752
1485
1622
1606
1574
399
1853
1856
798
529
71
1829
450
1061
1229
734
28
1732
1421
1043
1812
895
1444
192
1016
1372
839
619
1478
1367
50
565
813
229
692
1136
1786
1889
379
283
990
947
629
1397
177
1445
1110
1908
788
224
1134
428
1121
429
90
1959
850
716
5
1925
1537
1903
281
1155
1644
790
1670
703
238
1384
1567
1637
211
643
1697
1628
1887
1911
1158
40
399
1139
624
1123
228
1007
1749
1115
1926
57
1507
1186
177
1096
1988
1320
1718
72
1085
1943
1133
1932
1797
1189
1055
265
255
205
1914
1435
1824
768
1856
1207
1359
927
82
1946
1287
1552
1398
402
1516
1949
342
681
645
285
266
1792
18
982
693
370
1399
67
1105
1278
576
760
1029
1669
1244
384
819
1465
16
1590
703
8
527
16
1032
1980
1823
1629
207
1332
936
1969
1319
443
1812
1176
1366
1181
448
323
339
1669
1216
1927
458
499
1264
1333
1965
338
1262
1519
890
254
887
948
577
745
408
1890
817
338
536
1745
920
1091
1971
1003
1220
1136
1796
198
1198
1960
1484
760
863
1333
1712
1002
1304
1326
1311
1514
842
990
495
98
1119
1768
1994
612
713
489
1528
1512
381
1705
688
253
179
71
914
533
244
1153
659
410
1913
864
370
671
894
155
101
1960
1643
1613
146
274
490
1609
722
475
709
438
1053
1339
649
416
208
775
1624
397
648
929
1111
746
719
677
1434
280
1758
1581
1020
1918
1537
952
1496
246
361
1240
856
1482
1935
1093
482
1159
1941
447
1380
1296
1203
1206
1146
1099
1681
561
1240
587
1810
368
1165
1616
466
787
1780
143
1840
827
230
1566
403
57
476
1853
1298
242
1019
67
1778
1249
1690
122
111
1546
1729
496
1881
1222
1866
1798
506
1228
1854
1253
304
1095
766
571
1953
1866
1201
326
872
671
1418
1469
367
1837
605
708
1585
850
276
1130
1389
1924
1402
1985
306
756
147
17
1615
669
293
1515
518
1388
61
618
1885
498
1871
1212
1563
1298
467
525
235
560
1656
1563
342
1627
514
462
731
1119
363
581
430
1483
1817
622
1769
1303
956
1699
631
977
1493
1693
933
520
236
1022
514
1112
1656
50
985
1956
646
1840
542
1214
1171
1595
1773
1569
1940
189
590
741
895
185
1416
598
1580
726
1676
578
1176
543
627
262
894
622
807
32
1514
1215
433
1116
193
1206
323
985
1769
145
729
1258
1845
1808
793
181
1684
330
892
793
1270
1131
2000
2000
2000
2000
1999
1999
1999
1999
1998
1998
1997
1997
1997
1997
1996
1996
1996
1996
1996
1995
1995
1995
1995
1995
1995
1995
1994
1994
1994
1994
1994
1994
1993
1992
1992
1991
1991
1989
1989
1988
1988
1987
1987
1987
1987
1986
1986
1986
1986
1986
1985
1985
1985
1985
1984
1984
1984
1983
1983
1983
1983
1983
1983
1983
1982
1982
1982
1981
1981
1981
1981
1980
1980
1979
1979
1979
1979
1979
1978
1977
1977
1976
1975
1975
1975
1975
1975
1975
1974
1974
1974
1974
1974
1974
1973
1973
1973
1973
1973
1973
1973
1973
1973
1973
1972
1972
1972
1972
1971
1971
1971
1971
1970
1970
1970
1970
1969
1969
1969
1969
1969
1969
1969
1969
1969
1968
1968
1968
1968
1968
1968
1967
1967
1967
1967
1966
1966
1966
1965
1965
1964
1964
1964
1963
1963
1963
1963
1962
1962
1961
1960
1960
1960
1959
1958
1958
1958
1956
1956
1956
1956
1956
1956
1956
1955
1955
1955
1955
1955
1955
1954
1954
1953
1953
1953
1953
1953
1952
1952
1952
1951
1951
1950
1950
1950
1949
1949
1948
1947
1947
1947
1947
1947
1947
1947
1947
1947
1946
1946
1946
1946
1946
1945
1945
1945
1945
1945
1944
1944
1943
1943
1943
1943
1942
1942
1942
1942
1942
1942
1942
1941
1941
1941
1941
1940
1940
1940
1939
1939
1939
1939
1938
1938
1938
1936
1936
1936
1936
1936
1935
1935
1935
1934
1934
1934
1934
1933
1933
1933
1933
1933
1932
1932
1932
1931
1931
1931
1931
1931
1930
1930
1930
1929
1929
1929
1929
1928
1928
1927
1927
1927
1926
1926
1925
1925
1925
1925
1925
1925
1925
1924
1924
1924
1924
1924
1924
1923
1923
1923
1923
1923
1923
1922
1922
1922
1922
1922
1921
1921
1921
1921
1920
1920
1920
1920
1920
1920
1919
1919
1919
1918
1918
1918
1917
1917
1917
1916
1916
1916
1916
1915
1915
1915
1914
1914
1913
1913
1913
1913
1913
1912
1912
1912
1912
1912
1911
1911
1911
1910
1910
1910
1909
1909
1909
1908
1908
1908
1908
1908
1908
1907
1907
1907
1907
1906
1906
1906
1905
1905
1905
1905
1905
1905
1905
1904
1904
1904
1904
1904
1903
1903
1903
1903
1902
1901
1901
1900
1900
1900
1900
1899
1899
1898
1898
1898
1898
1897
1897
1897
1897
1897
1897
1897
1897
1897
1896
1895
1895
1895
1894
1894
1894
1894
1894
1894
1894
1893
1893
1893
1893
1893
1892
1892
1892
1891
1891
1891
1891
1891
1891
1890
1890
1890
1889
1889
1889
1889
1888
1888
1888
1888
1888
1888
1886
1886
1886
1886
1886
1886
1886
1885
1885
1885
1885
1885
1885
1884
1884
1884
1883
1883
1882
1882
1882
1882
1882
1882
1881
1881
1881
1881
1881
1881
1881
1880
1880
1880
1880
1880
1879
1879
1879
1879
1879
1879
1878
1878
1878
1877
1877
1877
1877
1876
1876
1876
1876
1876
1875
1875
1875
1875
1874
1874
1874
1873
1873
1873
1873
1872
1872
1872
1871
1871
1871
1870
1870
1870
1869
1869
1869
1868
1867
1867
1867
1867
1867
1867
1867
1867
1867
1867
1867
1866
1866
1865
1865
1865
1864
1864
1864
1864
1864
1864
1864
1864
1863
1862
1862
1862
1862
1862
1862
1862
1862
1862
1861
1861
1861
1861
1861
1860
1860
1859
1859
1859
1859
1859
1858
1858
1858
1858
1857
1857
1857
1856
1856
1856
1856
1856
1855
1855
1855
1854
1854
1854
1854
1853
1853
1853
1853
1852
1852
1851
1851
1851
1851
1850
1850
1850
1850
1850
1849
1849
1848
1848
1848
1848
1847
1846
1846
1846
1846
1845
1845
1845
1844
1844
1844
1843
1843
1843
1843
1843
1842
1842
1841
1841
1841
1841
1840
1840
1840
1840
1839
1839
1838
1837
1837
1836
1836
1836
1836
1836
1835
1835
1835
1835
1835
1834
1834
1834
1834
1834
1834
1834
1834
1834
1833
1833
1832
1831
1831
1831
1831
1831
1831
1831
1829
1829
1829
1829
1828
1828
1827
1827
1827
1827
1827
1827
1826
1826
1826
1826
1825
1825
1825
1825
1824
1824
1824
1824
1823
1823
1823
1822
1822
1821
1821
1821
1821
1821
1820
1820
1820
1819
1819
1819
1819
1818
1818
1818
1818
1818
1818
1818
1817
1817
1817
1816
1816
1816
1816
1815
1814
1814
1814
1814
1814
1814
1813
1813
1813
1813
1813
1813
1813
1813
1813
1812
1812
1812
1812
1812
1811
1811
1811
1810
1810
1810
1810
1810
1810
1809
1809
1808
1808
1808
1808
1807
1807
1807
1807
1807
1807
1807
1806
1806
1806
1805
1805
1805
1805
1804
1804
1804
1804
1804
1803
1803
1802
1802
1802
1802
1802
1802
1801
1801
1801
1801
1801
1801
1800
1800
1800
1800
1799
1799
1799
1799
1799
1798
1798
1798
1797
1797
1797
1797
1797
1797
1796
1796
1795
1793
1793
1793
1793
1793
1793
1792
1792
1791
1791
1791
1791
1790
1790
1789
1789
1788
1788
1788
1788
1787
1787
1787
1786
1786
1786
1785
1785
1785
1784
1784
1784
1782
1782
1782
1782
1782
1781
1781
1781
1780
1780
1780
1780
1780
1780
1779
1779
1779
1778
1778
1778
1778
1778
1777
1777
1777
1776
1776
1776
1776
1776
1776
1776
1775
1775
1775
1775
1775
1775
1774
1773
1773
1773
1773
1772
1772
1772
1772
1772
1772
1772
1771
1771
1770
1770
1770
1770
1770
1770
1769
1768
1768
1768
1768
1767
1767
1767
1767
1766
1766
1766
1766
1766
1766
1766
1766
1765
1765
1765
1765
1765
1765
1764
1764
1764
1764
1764
1764
1764
1764
1762
1762
1762
1762
1762
1762
1761
1761
1761
1761
1761
1760
1760
1760
1760
1759
1759
1759
1759
1759
1758
1758
1757
1757
1757
1756
1756
1755
1755
1755
1755
1755
1755
1755
1755
1755
1755
1755
1754
1754
1753
1753
1753
1753
1753
1753
1752
1752
1751
1751
1751
1751
1751
1751
1750
1750
1750
1750
1750
1750
1749
1749
1749
1749
1749
1748
1748
1747
1747
1747
1747
1747
1745
1745
1745
1744
1744
1744
1743
1743
1743
1742
1742
1742
1741
1741
1741
1741
1741
1741
1741
1741
1741
1740
1739
1739
1739
1739
1738
1737
1737
1737
1737
1736
1736
1736
1736
1735
1735
1735
1735
1734
1734
1734
1733
1733
1733
1733
1732
1731
1731
1731
1731
1730
1730
1730
1729
1729
1729
1729
1729
1728
1728
1728
1727
1727
1727
1727
1726
1726
1726
1725
1725
1724
1724
1724
1724
1724
1723
1723
1722
1722
1722
1722
1722
1721
1721
1721
1720
1720
1720
1720
1719
1719
1719
1719
1718
1718
1718
1718
1718
1718
1718
1717
1717
1717
1716
1716
1716
1716
1715
1715
1715
1714
1714
1714
1714
1714
1714
1714
1714
1714
1714
1714
1713
1713
1713
1713
1713
1713
1713
1712
1712
1712
1711
1711
1711
1711
1711
1710
1710
1710
1710
1709
1709
1709
1709
1709
1709
1709
1708
1708
1707
1707
1707
1706
1706
1705
1705
1704
1703
1703
1703
1702
1702
1702
1702
1701
1701
1700
1700
1700
1699
1699
1699
1699
1699
1699
1698
1698
1698
1698
1698
1697
1697
1697
1697
1697
1697
1697
1697
1697
1696
1696
1696
1695
1695
1695
1695
1694
1694
1694
1694
1694
1693
1693
1693
1693
1693
1693
1693
1692
1692
1692
1692
1692
1692
1691
1691
1691
1690
1690
1690
1690
1690
1690
1690
1689
1689
1689
1689
1689
1689
1688
1688
1688
1688
1688
1687
1686
1686
1686
1686
1686
1686
1686
1686
1686
1686
1686
1686
1686
1686
1685
1685
1685
1685
1684
1684
1684
1683
1682
1682
1682
1682
1682
1681
1681
1681
1680
1680
1680
1680
1679
1679
1679
1679
1679
1679
1678
1678
1678
1678
1677
1677
1677
1677
1676
1676
1676
1676
1675
1675
1675
1675
1674
1674
1674
1674
1674
1674
1674
1674
1673
1673
1673
1673
1673
1673
1672
1671
1671
1671
1671
1670
1670
1669
1669
1669
1669
1669
1669
1668
1668
1668
1668
1668
1667
1667
1667
1666
1664
1664
1664
1664
1664
1663
1663
1663
1663
1662
1662
1662
1662
1662
1661
1660
1660
1660
1660
1660
1660
1659
1659
1659
1659
1658
1658
1658
1657
1657
1657
1657
1657
1656
1656
1656
1656
1655
1655
1655
1655
1655
1655
1654
1653
1653
1653
1653
1653
1653
1653
1653
1652
1652
1652
1652
1652
1652
1651
1651
1651
1651
1651
1651
1650
1650
1650
1650
1650
1649
1649
1649
1649
1648
1648
1648
1647
1647
1646
1646
1646
1646
1646
1646
1645
1645
1644
1644
1644
1644
1644
1644
1643
1643
1643
1642
1642
1642
1642
1641
1641
1641
1641
1640
1640
1640
1640
1639
1639
1639
1639
1638
1638
1638
1638
1637
1637
1637
1637
1636
1636
1636
1636
1636
1636
1636
1636
1636
1635
1635
1635
1635
1635
1635
1634
1634
1634
1633
1633
1633
1633
1633
1632
1632
1631
1630
1630
1630
1630
1630
1629
1629
1629
1629
1628
1628
1628
1628
1628
1628
1628
1627
1626
1626
1626
1625
1624
1623
1622
1622
1622
1621
1621
1621
1621
1621
1621
1620
1620
1620
1619
1619
1619
1618
1618
1618
1618
1618
1618
1617
1617
1617
1617
1616
1616
1616
1616
1615
1615
1615
1614
1614
1614
1614
1614
1614
1614
1613
1613
1613
1613
1612
1611
1610
1610
1610
1610
1609
1608
1608
1608
1607
1607
1607
1607
1607
1607
1607
1607
1606
1606
1605
1605
1605
1604
1603
1603
1603
1603
1603
1602
1602
1602
1602
1601
1601
1601
1601
1601
1600
1600
1600
1600
1600
1600
1599
1598
1598
1598
1597
1597
1597
1597
1597
1596
1596
1596
1596
1596
1596
1596
1595
1595
1595
1595
1595
1594
1594
1594
1593
1593
1593
1593
1593
1593
1592
1592
1592
1592
1592
1591
1591
1591
1590
1590
1589
1588
1588
1588
1587
1587
1587
1586
1586
1585
1585
1584
1584
1584
1583
1583
1583
1582
1582
1582
1581
1581
1581
1580
1580
1580
1580
1579
1579
1579
1579
1579
1578
1578
1578
1578
1577
1577
1577
1577
1576
1576
1576
1576
1576
1575
1575
1575
1575
1574
1574
1574
1573
1573
1573
1573
1573
1572
1572
1572
1572
1572
1572
1571
1571
1571
1571
1570
1570
1570
1569
1569
1569
1568
1568
1568
1568
1568
1568
1568
1567
1567
1567
1567
1567
1567
1567
1567
1566
1566
1565
1565
1565
1564
1564
1564
1563
1563
1563
1562
1562
1562
1561
1561
1560
1560
1560
1560
1559
1559
1559
1558
1558
1557
1557
1557
1557
1557
1557
1556
1556
1556
1556
1556
1555
1555
1555
1555
1555
1554
1554
1554
1554
1553
1553
1552
1552
1552
1552
1551
1551
1551
1551
1551
1551
1551
1550
1550
1550
1550
1550
1550
1549
1549
1549
1549
1548
1548
1548
1548
1547
1546
1546
1546
1546
1546
1545
1545
1544
1544
1544
1544
1544
1544
1544
1543
1543
1543
1543
1543
1543
1542
1542
1542
1542
1542
1541
1541
1541
1541
1541
1540
1540
1540
1540
1540
1540
1539
1539
1538
1538
1538
1538
1538
1537
1537
1537
1536
1536
1536
1536
1536
1535
1535
1535
1535
1534
1533
1533
1533
1532
1531
1531
1531
1531
1531
1530
1530
1530
1530
1530
1530
1530
1530
1528
1528
1528
1528
1528
1528
1527
1526
1526
1526
1526
1526
1525
1525
1524
1524
1524
1524
1524
1523
1523
1522
1522
1522
1522
1520
1520
1519
1519
1518
1518
1518
1517
1517
1517
1517
1517
1516
1516
1516
1516
1516
1516
1515
1515
1515
1514
1514
1513
1513
1513
1512
1512
1512
1512
1511
1511
1511
1511
1511
1511
1511
1511
1511
1511
1511
1510
1510
1510
1510
1509
1509
1509
1508
1508
1508
1508
1508
1507
1507
1507
1506
1506
1506
1506
1506
1505
1505
1505
1505
1505
1504
1504
1504
1503
1503
1503
1503
1503
1502
1502
1502
1502
1502
1502
1502
1502
1501
1501
1501
1500
1500
1500
1500
1500
1499
1499
1499
1499
1499
1499
1499
1499
1499
1499
1498
1498
1498
1498
1498
1497
1497
1497
1496
1496
1496
1496
1496
1496
1495
1495
1495
1495
1494
1494
1494
1494
1493
1493
1493
1493
1492
1492
1492
1491
1491
1491
1491
1490
1490
1490
1490
1489
1489
1489
1489
1489
1488
1488
1488
1488
1488
1488
1488
1488
1487
1487
1487
1487
1486
1486
1485
1484
1484
1484
1484
1484
1484
1484
1483
1483
1483
1482
1482
1482
1482
1481
1481
1481
1481
1480
1480
1480
1480
1480
1480
1480
1479
1479
1478
1478
1478
1478
1477
1477
1477
1476
1476
1476
1473
1473
1473
1472
1472
1471
1471
1471
1471
1470
1470
1470
1470
1469
1469
1469
1468
1468
1468
1467
1467
1467
1466
1466
1466
1466
1466
1465
1465
1464
1464
1464
1464
1464
1464
1463
1463
1463
1463
1463
1463
1463
1461
1460
1460
1459
1459
1459
1459
1459
1459
1458
1458
1458
1458
1457
1457
1456
1456
1455
1455
1454
1454
1454
1454
1454
1454
1454
1453
1453
1453
1453
1453
1453
1452
1452
1452
1452
1451
1451
1451
1451
1450
1450
1449
1448
1448
1448
1448
1448
1448
1448
1448
1447
1447
1447
1446
1446
1446
1446
1445
1445
1445
1445
1444
1444
1444
1444
1443
1443
1443
1443
1443
1443
1442
1442
1442
1442
1442
1441
1441
1441
1440
1440
1440
1440
1439
1439
1439
1438
1438
1437
1437
1437
1437
1437
1437
1437
1436
1436
1436
1436
1436
1436
1436
1436
1435
1435
1435
1435
1434
1434
1434
1434
1434
1434
1434
1434
1434
1433
1433
1433
1433
1433
1433
1433
1432
1432
1432
1431
1431
1431
1431
1431
1430
1429
1429
1429
1429
1428
1428
1428
1428
1427
1427
1427
1427
1427
1427
1426
1426
1425
1425
1425
1425
1425
1424
1424
1424
1424
1423
1423
1423
1423
1423
1423
1423
1422
1422
1422
1422
1422
1421
1420
1420
1420
1419
1419
1419
1418
1418
1418
1418
1417
1417
1417
1417
1417
1416
1416
1416
1416
1416
1415
1415
1415
1415
1415
1415
1414
1414
1414
1414
1413
1413
1413
1413
1411
1411
1411
1411
1411
1411
1411
1411
1410
1410
1410
1410
1410
1409
1409
1408
1408
1408
1408
1407
1407
1407
1406
1406
1406
1406
1406
1405
1405
1405
1405
1404
1404
1404
1403
1403
1403
1402
1402
1402
1401
1401
1400
1400
1400
1400
1400
1399
1399
1399
1399
1399
1399
1399
1399
1398
1398
1398
1397
1397
1397
1397
1397
1396
1396
1395
1395
1395
1394
1394
1394
1393
1393
1393
1393
1392
1392
1392
1392
1392
1392
1392
1391
1391
1391
1390
1389
1389
1389
1389
1389
1389
1388
1388
1388
1387
1386
1386
1385
1385
1385
1385
1384
1384
1384
1383
1383
1383
1382
1382
1382
1382
1382
1382
1382
1382
1381
1381
1381
1381
1381
1381
1381
1381
1380
1379
1379
1378
1377
1377
1377
1377
1377
1376
1375
1375
1375
1375
1375
1375
1374
1374
1374
1374
1374
1374
1374
1373
1372
1372
1371
1371
1370
1370
1370
1369
1369
1369
1369
1369
1368
1368
1368
1368
1368
1368
1367
1367
1367
1366
1366
1365
1365
1365
1365
1364
1364
1363
1362
1362
1362
1361
1361
1361
1360
1360
1360
1359
1359
1359
1359
1358
1358
1358
1358
1358
1357
1357
1357
1357
1357
1356
1356
1356
1356
1355
1355
1355
1355
1355
1354
1354
1353
1353
1353
1353
1352
1352
1352
1352
1351
1351
1351
1350
1349
1349
1349
1349
1349
1349
1348
1348
1348
1347
1347
1347
1347
1346
1346
1345
1345
1345
1345
1344
1344
1344
1344
1344
1344
1344
1343
1343
1342
1342
1342
1341
1341
1341
1340
1340
1339
1339
1339
1338
1338
1337
1337
1336
1335
1335
1335
1335
1335
1334
1334
1334
1334
1334
1333
1333
1333
1333
1333
1332
1332
1332
1332
1332
1331
1331
1331
1331
1330
1330
1330
1330
1330
1330
1329
1329
1329
1329
1329
1329
1328
1328
1328
1328
1328
1328
1327
1327
1326
1326
1326
1326
1326
1325
1325
1325
1325
1325
1325
1325
1325
1324
1324
1324
1324
1324
1324
1324
1323
1323
1323
1323
1322
1322
1322
1322
1322
1322
1322
1322
1321
1321
1321
1320
1320
1320
1320
1319
1319
1319
1318
1318
1318
1317
1317
1317
1317
1316
1316
1315
1315
1315
1315
1314
1314
1314
1314
1314
1313
1312
1312
1312
1311
1311
1311
1310
1310
1310
1310
1310
1310
1310
1310
1310
1309
1309
1309
1309
1309
1309
1309
1308
1308
1308
1308
1307
1307
1307
1307
1307
1306
1306
1306
1306
1305
1305
1305
1305
1304
1304
1304
1304
1304
1303
1303
1303
1303
1303
1303
1303
1303
1302
1302
1302
1302
1301
1301
1300
1300
1300
1299
1299
1299
1298
1298
1298
1298
1298
1297
1297
1296
1296
1295
1295
1295
1295
1295
1294
1294
1294
1294
1294
1292
1292
1292
1292
1291
1291
1290
1290
1290
1290
1290
1289
1289
1289
1289
1289
1288
1288
1288
1287
1287
1286
1286
1286
1285
1285
1285
1285
1285
1285
1285
1284
1284
1284
1284
1283
1283
1283
1283
1282
1282
1282
1282
1281
1281
1280
1280
1280
1280
1280
1279
1279
1278
1278
1278
1278
1278
1278
1277
1277
1277
1277
1277
1276
1276
1276
1276
1276
1275
1275
1275
1275
1275
1275
1275
1274
1274
1274
1274
1274
1274
1274
1273
1273
1273
1273
1273
1273
1273
1273
1272
1272
1272
1271
1271
1271
1270
1270
1270
1270
1270
1270
1270
1270
1270
1269
1268
1268
1268
1268
1268
1267
1267
1267
1267
1267
1266
1266
1266
1266
1266
1265
1265
1265
1265
1264
1264
1264
1263
1263
1263
1263
1262
1262
1262
1262
1261
1261
1261
1261
1261
1261
1261
1260
1260
1260
1260
1259
1259
1259
1259
1259
1258
1258
1258
1257
1257
1257
1257
1257
1257
1256
1256
1256
1256
1255
1255
1255
1254
1254
1254
1253
1253
1252
1252
1252
1251
1251
1251
1251
1251
1250
1250
1250
1249
1249
1249
1248
1248
1248
1247
1247
1247
1247
1246
1246
1246
1246
1246
1246
1246
1245
1245
1244
1244
1243
1242
1242
1242
1241
1241
1241
1240
1240
1240
1240
1240
1239
1239
1238
1238
1238
1238
1238
1238
1238
1238
1238
1237
1237
1237
1237
1236
1236
1236
1236
1236
1236
1235
1235
1235
1234
1234
1234
1234
1234
1234
1234
1234
1233
1233
1232
1232
1232
1232
1232
1232
1232
1231
1231
1230
1230
1229
1229
1229
1229
1228
1228
1228
1228
1228
1228
1228
1227
1227
1227
1227
1226
1226
1225
1225
1225
1225
1225
1224
1224
1224
1224
1223
1223
1223
1223
1222
1222
1222
1222
1222
1222
1221
1221
1221
1221
1220
1220
1220
1219
1219
1219
1219
1219
1219
1219
1218
1218
1217
1217
1217
1217
1217
1217
1217
1216
1216
1216
1216
1216
1216
1215
1215
1215
1215
1214
1214
1214
1214
1214
1214
1214
1214
1213
1213
1213
1212
1212
1212
1212
1212
1212
1211
1211
1211
1211
1210
1210
1210
1210
1209
1209
1209
1209
1209
1209
1209
1208
1208
1208
1208
1207
1207
1207
1207
1206
1206
1206
1206
1205
1205
1205
1204
1204
1203
1203
1203
1202
1202
1201
1201
1201
1201
1200
1200
1199
1199
1199
1199
1199
1199
1198
1198
1198
1198
1197
1197
1197
1197
1197
1197
1197
1196
1196
1196
1196
1195
1195
1195
1195
1194
1194
1194
1194
1193
1193
1193
1193
1193
1192
1192
1191
1191
1191
1191
1191
1191
1191
1191
1190
1190
1190
1190
1190
1189
1189
1189
1188
1188
1188
1188
1188
1188
1188
1188
1187
1187
1187
1187
1187
1186
1186
1186
1186
1185
1184
1184
1184
1183
1183
1182
1182
1182
1182
1182
1181
1181
1181
1181
1181
1181
1180
1180
1180
1180
1180
1180
1180
1179
1179
1179
1178
1178
1178
1178
1178
1178
1177
1177
1177
1177
1177
1176
1176
1176
1175
1175
1175
1175
1175
1175
1175
1174
1174
1173
1173
1172
1172
1172
1172
1171
1170
1169
1169
1168
1168
1168
1168
1168
1167
1167
1167
1167
1167
1167
1165
1165
1165
1165
1165
1165
1164
1163
1163
1163
1163
1163
1163
1163
1163
1163
1163
1163
1162
1161
1161
1160
1160
1160
1159
1159
1159
1159
1159
1159
1158
1158
1158
1158
1158
1158
1157
1157
1157
1157
1156
1156
1156
1156
1156
1156
1156
1156
1155
1155
1155
1154
1153
1153
1153
1153
1153
1153
1153
1153
1152
1152
1152
1152
1151
1151
1151
1151
1150
1150
1150
1150
1150
1149
1149
1149
1148
1147
1147
1147
1147
1147
1146
1146
1146
1145
1145
1145
1145
1144
1144
1144
1144
1144
1144
1144
1143
1143
1143
1143
1142
1142
1142
1142
1141
1141
1141
1141
1141
1141
1141
1141
1141
1141
1140
1140
1140
1140
1139
1139
1139
1139
1139
1139
1139
1138
1138
1137
1137
1137
1137
1137
1137
1136
1136
1136
1136
1136
1135
1135
1135
1135
1135
1135
1134
1134
1134
1134
1134
1134
1133
1133
1133
1133
1133
1132
1132
1132
1132
1132
1131
1131
1131
1130
1130
1130
1130
1130
1129
1129
1129
1129
1129
1128
1128
1128
1128
1127
1127
1127
1127
1127
1126
1126
1126
1126
1126
1125
1125
1125
1124
1124
1124
1124
1124
1123
1123
1123
1122
1122
1122
1121
1121
1120
1120
1120
1120
1120
1120
1120
1119
1119
1119
1119
1118
1118
1118
1118
1118
1117
1117
1117
1117
1116
1116
1116
1116
1116
1116
1115
1115
1115
1115
1114
1114
1114
1114
1113
1113
1113
1113
1113
1113
1112
1112
1112
1112
1112
1112
1111
1111
1111
1111
1110
1110
1110
1109
1109
1109
1109
1108
1108
1108
1107
1107
1107
1107
1107
1107
1106
1106
1106
1106
1105
1105
1105
1104
1104
1104
1104
1103
1102
1102
1101
1101
1101
1101
1101
1101
1101
1100
1100
1100
1100
1100
1099
1099
1099
1099
1099
1098
1098
1098
1097
1097
1097
1097
1097
1096
1096
1096
1095
1095
1094
1094
1094
1094
1094
1093
1093
1093
1091
1091
1091
1091
1091
1091
1090
1090
1090
1089
1089
1089
1089
1089
1089
1088
1088
1088
1088
1088
1088
1087
1087
1087
1087
1087
1086
1085
1085
1084
1084
1084
1084
1083
1082
1082
1082
1082
1082
1082
1082
1082
1082
1081
1081
1080
1080
1080
1080
1079
1079
1079
1079
1079
1078
1078
1077
1076
1076
1076
1076
1075
1075
1075
1074
1074
1074
1074
1073
1073
1073
1073
1072
1072
1072
1071
1071
1071
1070
1070
1070
1070
1069
1069
1069
1069
1068
1068
1068
1068
1068
1067
1067
1067
1067
1066
1066
1066
1066
1066
1065
1065
1065
1065
1065
1064
1064
1064
1064
1063
1063
1063
1063
1063
1063
1063
1063
1062
1062
1062
1062
1061
1061
1060
1060
1060
1060
1060
1059
1059
1059
1059
1058
1058
1058
1058
1057
1057
1057
1057
1057
1057
1057
1056
1056
1056
1055
1055
1054
1054
1054
1054
1054
1053
1053
1053
1053
1053
1052
1052
1052
1052
1052
1052
1051
1051
1051
1051
1051
1051
1051
1050
1050
1050
1050
1050
1050
1049
1049
1049
1049
1049
1049
1048
1048
1047
1047
1047
1047
1046
1046
1046
1046
1046
1045
1045
1045
1045
1045
1044
1044
1044
1044
1043
1043
1042
1042
1042
1041
1041
1041
1041
1040
1040
1039
1039
1039
1039
1039
1038
1038
1038
1038
1038
1038
1038
1038
1038
1037
1037
1037
1037
1036
1036
1036
1036
1035
1035
1035
1035
1034
1034
1034
1034
1034
1033
1031
1031
1031
1031
1031
1030
1030
1030
1029
1029
1029
1029
1029
1029
1029
1028
1028
1028
1028
1028
1028
1028
1028
1027
1027
1027
1027
1027
1026
1026
1026
1026
1026
1025
1025
1025
1024
1024
1024
1024
1023
1023
1023
1023
1023
1023
1023
1023
1022
1022
1022
1021
1021
1021
1021
1021
1020
1020
1019
1019
1019
1019
1018
1018
1018
1017
1017
1017
1017
1016
1016
1016
1016
1015
1015
1015
1014
1014
1014
1013
1013
1013
1013
1012
1012
1012
1011
1011
1011
1011
1010
1010
1010
1010
1009
1008
1008
1008
1007
1007
1006
1006
1006
1006
1005
1005
1005
1005
1004
1004
1004
1004
1004
1003
1003
1003
1003
1003
1002
1002
1002
1001
1001
1000
1000
999
999
999
999
999
999
998
998
998
998
997
997
997
997
997
996
996
996
996
995
995
995
994
994
994
993
993
992
992
992
991
991
991
990
990
990
990
990
990
990
990
989
989
989
989
989
988
988
988
988
987
987
987
986
986
986
986
986
986
985
985
985
985
984
983
983
983
983
983
982
982
982
982
981
981
980
980
980
979
979
979
979
978
978
978
978
977
976
976
976
975
975
975
975
975
974
974
973
973
973
972
971
970
970
970
970
970
969
969
969
969
969
969
968
968
968
968
968
968
968
967
967
967
967
966
965
965
965
964
964
964
964
964
964
964
964
963
963
962
962
961
961
960
960
960
959
959
958
958
958
957
957
957
956
956
956
956
956
956
956
955
955
955
955
954
954
954
954
953
953
953
953
952
952
952
951
951
951
951
951
951
950
950
950
950
949
949
949
948
948
948
947
947
947
946
946
946
945
945
945
945
945
945
945
944
944
944
943
943
943
943
943
942
942
942
942
942
941
941
941
941
941
940
940
940
940
940
940
940
939
939
939
939
938
938
938
938
938
938
938
937
937
937
937
937
937
936
936
936
935
935
935
935
935
935
934
934
933
933
933
933
932
932
932
932
932
932
932
931
931
931
931
931
931
931
931
930
929
929
929
929
929
929
929
928
928
928
928
928
927
927
926
926
925
925
925
924
924
923
923
922
922
922
921
920
920
920
920
919
919
919
918
918
918
917
917
917
916
916
916
916
916
916
915
915
915
914
914
914
914
914
913
913
913
913
912
912
912
912
912
912
912
911
911
910
910
909
909
909
909
909
909
908
908
908
907
907
907
907
906
906
906
906
906
905
905
905
905
904
904
904
903
903
903
903
903
903
902
902
902
902
902
902
901
901
901
900
900
900
900
900
900
899
899
899
899
898
898
898
898
898
898
897
897
897
896
896
895
895
894
894
893
893
893
893
893
892
892
892
892
892
892
892
891
891
891
891
891
890
889
889
889
888
888
888
887
887
887
886
886
886
886
886
886
885
885
885
885
884
883
883
883
883
882
882
882
882
881
881
881
881
881
881
881
881
880
880
879
879
879
879
879
879
879
879
878
878
878
877
877
877
876
876
876
876
876
876
875
875
875
875
874
874
874
873
873
873
872
872
872
872
871
871
871
871
870
870
870
869
869
868
868
868
868
868
868
867
867
866
865
865
865
865
865
865
864
864
864
863
863
863
863
862
862
862
862
862
861
861
861
860
860
860
860
859
859
859
858
857
857
857
857
857
857
857
857
857
857
857
857
856
856
856
856
856
855
855
855
855
855
855
854
854
854
853
853
853
853
853
853
852
852
852
852
851
851
851
851
851
850
850
850
850
849
849
849
849
848
847
847
846
846
846
846
846
845
845
845
845
845
845
845
844
844
844
844
844
844
844
843
843
843
842
842
842
842
842
842
841
841
841
841
841
840
840
840
840
839
839
839
839
838
838
837
837
836
836
836
836
836
836
835
835
834
834
834
834
833
833
832
832
831
830
830
829
829
829
829
828
828
828
828
828
828
828
828
828
828
827
827
827
827
826
826
825
825
825
825
825
824
824
824
824
824
824
823
823
823
823
822
822
822
822
822
821
821
821
821
821
821
821
820
819
819
819
819
819
818
818
818
818
817
817
816
816
816
816
815
815
815
815
815
814
814
814
814
814
814
813
813
812
812
812
812
812
811
811
811
811
811
811
810
810
810
810
809
809
809
808
808
808
808
808
808
808
807
807
807
807
806
806
806
806
806
805
805
805
805
805
804
804
804
804
803
803
803
803
802
802
802
802
801
801
801
801
801
800
800
800
800
799
799
799
798
798
798
798
797
797
797
797
796
796
796
796
796
795
795
795
794
794
794
793
793
793
792
792
792
792
792
792
791
791
791
791
791
791
791
791
790
790
789
789
789
789
788
788
788
787
787
787
786
786
786
786
785
784
784
783
783
783
783
782
782
782
782
781
781
781
779
779
779
778
778
778
777
777
777
777
777
776
776
775
775
775
775
775
775
775
775
774
774
774
774
774
773
773
773
773
773
772
772
772
772
772
771
771
770
770
770
769
769
769
769
768
768
768
768
768
767
767
767
767
766
766
766
765
765
765
765
764
764
764
764
764
764
764
764
763
763
763
763
763
762
761
761
761
760
760
760
760
759
758
758
758
758
757
757
757
756
756
755
755
754
754
754
754
753
752
752
752
752
751
751
751
750
750
750
750
749
749
749
749
749
749
749
748
748
748
748
747
747
747
747
747
747
746
746
745
745
744
744
744
744
743
743
743
743
742
742
742
740
740
740
740
739
739
739
739
739
738
738
737
737
737
737
737
737
737
736
736
736
736
736
736
736
735
735
735
735
734
734
734
734
734
733
733
733
733
732
732
732
732
732
732
732
731
731
731
731
731
731
731
730
730
730
730
730
730
730
730
729
729
728
728
728
728
728
728
727
727
727
727
727
726
726
726
726
725
725
725
725
725
725
724
724
723
723
723
723
723
723
722
722
722
722
722
721
720
720
720
720
719
719
719
719
718
718
718
718
718
718
717
717
716
716
716
716
716
716
716
716
715
715
715
715
714
714
714
714
714
713
713
713
713
712
712
712
712
712
711
711
711
710
710
710
709
709
709
709
709
708
708
707
707
706
706
706
706
706
706
706
705
705
705
705
704
703
703
703
702
702
702
701
701
701
700
700
700
700
700
700
699
699
699
699
699
699
699
699
698
698
698
697
697
696
696
696
696
696
695
695
695
695
695
694
694
693
693
693
692
692
692
692
692
692
691
691
691
691
690
690
690
690
689
689
689
688
688
687
687
687
687
687
687
687
687
686
686
686
686
686
685
685
685
685
685
685
685
685
684
684
684
684
683
683
683
683
683
682
682
682
681
681
681
680
680
680
680
679
679
678
678
678
678
678
677
677
677
676
676
676
676
676
676
676
676
675
675
675
675
675
674
674
674
674
674
674
674
674
674
674
673
673
673
673
673
673
673
672
672
672
672
672
671
671
671
671
671
670
670
669
669
668
668
668
668
668
667
667
667
666
666
666
665
665
665
665
665
665
664
664
664
663
663
663
663
661
661
661
661
661
660
660
660
659
659
659
658
658
658
658
658
658
658
657
657
657
657
657
657
656
656
656
656
656
656
656
655
655
655
654
654
654
654
653
652
652
652
652
652
652
652
652
652
651
651
651
651
651
650
650
650
650
650
649
649
649
649
648
647
647
647
646
646
646
646
646
645
645
645
644
644
644
644
643
643
643
643
642
642
642
642
642
641
641
641
641
640
640
640
639
639
639
639
639
639
638
638
638
638
637
637
637
637
637
637
637
636
636
636
635
634
634
634
633
633
633
632
632
632
631
631
631
631
631
631
630
630
629
629
629
628
628
628
627
627
627
627
627
627
627
627
627
627
627
626
625
625
625
624
624
624
624
623
623
623
622
620
620
620
620
620
620
619
619
618
618
618
617
617
617
617
617
616
615
615
615
615
615
614
614
614
614
614
614
613
613
613
613
613
613
613
613
613
613
612
612
612
612
612
611
611
610
610
610
610
608
607
607
606
606
606
605
605
604
604
604
604
604
603
603
603
602
602
602
601
601
601
600
600
600
600
600
600
600
600
600
599
599
599
599
599
599
598
597
597
596
596
595
595
595
595
595
595
595
594
594
593
593
593
592
592
592
592
592
591
590
590
590
589
589
589
589
589
588
587
587
587
587
586
586
586
586
585
585
585
584
584
584
583
583
583
582
582
582
582
581
581
581
581
581
581
580
580
580
580
580
580
580
580
580
580
579
579
579
579
579
579
579
578
577
577
577
577
576
576
576
576
576
576
576
576
575
575
574
574
574
574
574
574
574
573
573
573
573
573
573
573
573
573
572
572
572
572
571
571
571
571
571
571
570
570
570
570
570
570
570
570
569
569
568
568
568
568
568
567
567
567
567
566
566
566
565
564
564
564
564
563
563
563
562
562
561
561
561
560
560
560
560
559
559
559
559
558
558
558
557
557
557
557
556
556
556
556
556
555
555
555
555
555
555
554
554
554
554
554
554
554
553
553
553
553
552
552
552
552
552
552
551
551
551
551
550
550
550
549
549
549
549
549
548
547
547
547
546
546
546
546
545
545
545
545
545
544
544
543
543
543
542
542
542
542
542
542
542
541
541
541
541
541
541
540
540
540
540
539
539
539
539
539
538
537
537
536
536
536
536
536
535
535
535
535
535
534
534
534
534
534
533
533
533
532
532
532
532
532
532
532
532
531
531
531
531
530
530
530
529
529
529
529
527
527
527
526
526
526
526
526
526
526
525
525
525
525
525
524
524
524
523
523
523
523
523
523
522
522
522
522
522
522
521
521
520
520
518
518
517
517
517
517
517
517
516
516
516
516
515
515
515
515
515
515
514
514
514
514
514
513
513
512
512
512
512
512
511
511
509
509
509
509
509
509
509
509
509
508
508
508
508
508
507
507
507
507
506
506
506
506
506
505
505
505
505
505
505
504
504
504
504
503
502
502
502
502
502
502
502
501
501
501
500
500
500
500
500
500
499
499
499
499
499
498
498
498
497
497
496
495
495
495
495
495
495
495
495
494
494
494
494
493
493
492
492
492
492
491
491
491
491
491
491
490
490
490
490
489
489
489
489
488
488
488
488
488
488
488
488
487
487
487
487
487
487
486
486
486
486
486
486
486
485
485
485
485
484
484
483
483
483
482
482
482
482
482
480
480
479
479
479
479
479
478
478
478
478
478
478
478
477
477
477
477
476
476
476
475
475
475
475
475
474
474
473
473
473
473
473
473
473
472
472
472
472
471
471
471
471
471
470
470
470
470
470
470
470
470
470
470
469
468
468
468
468
467
467
467
467
465
465
465
465
465
465
464
463
463
463
463
463
462
462
462
462
462
461
461
461
461
461
460
460
459
459
459
459
459
458
458
458
458
458
457
456
456
456
456
456
456
455
454
454
454
454
454
454
453
453
453
452
452
452
452
451
451
451
451
451
450
450
450
450
450
450
450
449
449
449
449
449
448
448
448
447
446
445
444
444
444
444
443
443
443
443
443
443
442
442
441
441
440
440
439
439
439
439
437
437
437
437
437
436
436
436
436
435
434
434
434
433
433
433
433
432
431
431
431
430
430
430
429
429
429
428
428
427
427
426
426
426
426
425
425
425
425
425
425
424
424
424
424
423
423
423
423
423
423
422
422
422
422
422
420
420
420
420
420
419
419
419
418
418
418
418
418
418
418
418
417
417
417
417
417
416
416
416
416
415
415
415
415
415
415
415
415
414
414
414
414
413
413
413
413
413
412
412
412
412
411
411
411
411
411
411
410
410
410
409
408
408
408
408
408
408
407
406
406
406
406
406
405
405
405
405
405
405
404
404
404
404
404
403
402
402
402
402
402
402
401
401
400
400
400
400
400
400
400
400
399
399
399
399
398
398
398
398
397
397
397
396
396
396
396
395
395
395
395
395
395
394
394
394
394
394
394
394
393
393
392
392
391
391
391
390
390
390
390
389
389
389
389
389
389
388
388
388
387
387
387
387
386
386
385
384
384
384
383
383
382
382
382
382
382
381
381
381
381
380
380
379
379
379
379
379
379
379
379
379
378
377
377
376
376
376
375
375
375
375
375
374
374
374
374
373
373
373
373
373
372
372
371
371
370
370
370
369
369
368
368
368
368
368
368
368
368
368
368
368
367
367
367
367
367
367
367
366
366
366
366
366
366
365
365
365
365
365
365
365
364
364
364
364
364
363
363
363
363
362
362
362
362
361
361
361
361
360
360
360
359
359
359
359
358
358
357
357
357
357
356
356
356
356
355
355
355
354
354
353
353
353
353
353
353
352
351
351
351
351
351
350
350
349
349
349
349
349
348
348
348
348
347
347
347
347
346
346
346
346
346
345
345
345
345
345
344
344
344
342
342
342
342
341
341
340
340
340
340
339
339
338
338
338
338
337
337
337
337
337
336
336
335
335
335
335
335
335
334
334
334
334
334
334
334
333
333
333
332
332
331
331
330
329
329
329
328
328
327
327
327
327
326
326
326
326
325
325
325
325
324
324
324
324
324
322
322
322
322
322
321
321
321
321
321
321
320
320
320
319
319
319
319
318
318
318
317
317
317
317
316
316
316
314
314
314
314
314
314
313
313
313
313
312
312
312
312
312
312
312
312
312
311
311
311
311
311
311
310
310
310
310
309
309
308
308
308
308
308
307
306
306
306
306
306
306
305
305
305
304
303
303
303
303
303
303
303
302
302
302
302
302
301
300
300
300
300
300
300
300
299
299
299
298
298
298
297
297
297
296
296
296
296
296
296
296
295
294
294
294
293
293
293
292
292
292
292
291
291
291
291
291
291
291
290
290
290
290
290
290
290
290
290
289
289
288
288
288
288
288
288
288
288
287
287
286
286
286
285
285
285
285
285
285
284
284
284
283
283
283
282
282
282
282
282
281
281
281
281
281
281
281
280
280
280
280
280
279
279
279
279
279
278
278
277
277
277
277
276
276
276
275
275
275
275
275
275
274
274
273
273
273
273
273
273
272
272
272
271
271
271
271
271
270
270
269
269
269
269
269
269
268
268
267
267
267
267
267
267
267
266
266
266
266
265
265
265
265
265
265
265
265
264
264
264
264
264
263
263
263
263
263
262
262
262
262
262
262
262
260
260
260
260
259
259
259
259
259
259
258
258
258
257
257
256
256
256
256
256
255
255
254
254
254
253
253
252
252
252
252
252
252
252
251
251
251
251
251
251
250
250
250
250
250
250
250
250
249
249
249
249
248
248
248
248
247
247
247
247
247
246
246
246
245
245
244
244
244
243
243
243
243
243
243
242
242
241
241
241
241
241
240
240
240
239
239
239
238
238
237
237
237
237
236
236
236
236
235
235
235
234
234
233
233
233
233
233
233
233
232
232
232
232
231
231
231
230
230
230
230
230
230
230
229
229
228
228
227
226
226
226
226
225
225
225
224
224
224
223
223
223
223
223
222
222
222
222
221
221
221
221
219
219
218
217
217
217
217
217
217
217
217
215
215
215
215
215
214
214
214
214
213
213
213
213
212
211
211
211
210
210
210
210
210
210
210
209
209
209
208
208
208
207
207
207
207
206
206
206
206
206
205
205
205
205
205
205
204
204
204
204
203
203
203
203
202
202
202
202
202
201
201
201
201
200
200
200
200
200
200
199
199
199
199
199
198
198
197
197
197
197
197
197
196
196
196
196
196
195
195
195
195
194
194
194
194
194
193
193
193
192
192
192
191
190
190
190
190
190
190
189
189
189
188
188
188
188
188
187
187
187
187
187
187
185
185
185
184
184
184
184
183
183
183
183
183
183
183
182
182
182
182
181
181
181
181
180
180
180
179
179
179
179
179
179
179
178
178
178
178
178
177
177
177
177
177
176
176
176
176
175
175
175
175
174
174
174
174
173
173
173
172
172
172
171
171
171
170
170
170
170
170
170
169
169
169
169
169
168
168
168
168
167
167
167
167
167
167
166
166
166
166
165
165
165
165
164
164
163
163
162
162
162
161
161
161
160
159
159
159
159
158
158
158
158
157
157
157
156
156
156
156
156
156
155
154
154
154
154
154
153
153
153
152
152
152
152
152
151
150
150
150
150
150
149
149
149
149
149
148
148
148
148
147
147
147
146
146
146
145
145
145
144
144
144
144
144
144
143
143
143
143
143
142
142
142
142
141
141
140
140
140
140
139
139
139
139
139
138
138
138
137
137
137
137
137
136
136
136
135
135
135
135
134
134
134
133
133
133
132
132
132
132
132
132
132
131
131
131
131
131
131
131
131
130
130
130
130
129
129
129
129
129
128
128
128
128
128
128
128
128
128
127
127
126
126
126
126
126
126
126
125
125
125
125
125
124
124
124
124
124
124
124
124
124
123
123
123
123
123
122
122
122
122
121
121
121
121
120
120
120
119
119
119
119
119
118
118
118
117
117
117
116
116
116
115
115
115
115
115
114
114
114
114
114
113
113
113
113
112
112
112
112
112
111
111
111
111
111
111
111
110
110
110
110
110
110
110
110
109
109
109
109
109
108
108
108
108
108
107
107
107
106
106
106
105
104
104
104
104
104
103
103
102
102
102
102
102
101
100
100
100
100
100
99
99
99
99
99
98
97
97
97
97
97
97
96
96
96
96
96
96
96
96
95
95
95
95
95
95
95
95
95
95
94
94
94
94
94
94
93
93
92
92
92
92
92
92
91
91
91
90
90
90
90
90
90
90
89
89
89
89
89
89
88
88
88
87
87
87
87
86
86
85
85
85
84
84
84
84
84
84
84
84
83
83
83
83
83
83
83
82
82
82
81
81
80
80
80
79
79
78
78
78
77
77
77
76
76
76
76
75
75
75
74
73
73
73
73
73
73
73
73
73
72
72
72
71
71
71
71
70
70
70
68
68
68
68
67
67
67
67
67
66
66
66
66
65
65
65
64
64
64
64
64
64
63
63
63
63
63
63
63
62
62
62
61
61
61
61
60
60
59
59
59
59
58
58
58
58
58
57
57
57
57
57
57
56
56
55
55
55
54
53
53
52
52
52
51
51
51
51
51
50
50
50
50
49
49
49
48
48
48
48
48
48
47
47
47
47
46
46
46
46
46
45
45
45
44
44
44
44
43
43
43
43
42
42
41
41
41
41
40
40
39
39
39
38
38
38
38
38
38
38
38
38
38
37
37
37
36
36
36
36
36
36
35
35
35
34
34
34
34
34
34
34
34
34
33
33
33
33
33
32
32
32
32
32
31
31
31
31
31
30
30
29
29
29
28
28
28
28
28
28
27
27
27
26
26
26
26
25
25
24
24
23
23
23
23
23
23
23
22
22
22
22
22
22
22
21
21
21
21
20
20
20
20
19
19
19
19
18
18
17
17
17
17
16
16
15
15
15
15
15
14
14
14
14
13
13
13
13
13
13
13
13
13
12
12
12
12
11
11
11
11
10
10
10
9
9
9
9
8
8
8
7
7
7
7
7
6
6
6
5
5
5
4
4
4
4
4
3
3
3
3
3
3
3
2
2
2
2
1
1
