9000
1370
1781
1851
730
872
1055
650
726
1746
863
1086
653
187
1218
928
1699
1939
1957
1867
637
320
1216
806
814
52
1747
1600
464
460
1989
726
1508
744
56
109
419
509
721
1466
844
1610
951
1522
1767
1057
568
1186
1386
1397
676
232
924
536
50
555
1751
761
1099
11
77
1193
1088
220
1851
792
248
504
777
51
951
1672
18
1792
209
795
1622
705
887
208
320
195
783
822
346
1146
478
422
120
1367
1305
1582
1193
85
1136
109
1016
120
419
317
542
1278
27
1129
1520
1762
814
1076
1403
1629
659
771
1722
1806
1206
1904
1602
73
894
1598
1798
266
1168
517
1103
553
1103
1598
1458
133
1307
245
162
1041
1904
1363
1948
627
775
1161
1621
1340
361
1374
65
1231
1886
1104
1436
776
1486
1304
675
319
1332
1757
156
373
1239
246
82
1917
514
883
540
1227
1386
565
25
1392
1212
1283
515
1895
560
1398
1960
1105
1013
740
1676
1675
968
333
72
1489
1692
803
1305
704
1286
1981
1882
1514
1088
465
1383
1582
1246
430
1722
711
1201
56
1316
307
50
1092
1240
61
384
256
1842
833
1856
449
1696
1575
1042
1271
818
1789
641
599
1813
961
1096
1191
1484
992
1678
1764
1286
782
316
1426
1973
1046
1548
751
791
1008
1170
1533
1387
756
1282
1250
1434
646
1650
1942
1601
1448
695
839
1328
516
1934
1524
1785
660
176
1074
1780
845
782
226
1534
1050
44
418
1527
119
1510
1696
668
878
547
832
1801
174
670
42
1311
734
164
1270
1186
1296
23
1278
403
1044
1778
942
1829
1657
663
926
1483
1858
30
955
796
1458
1307
476
661
1245
661
454
1126
750
1000
1008
660
452
1494
956
404
227
1478
756
1574
108
1619
914
873
679
1421
1901
247
311
1443
343
567
223
1835
1154
426
1010
1056
1898
399
1272
1832
1305
1559
179
1541
896
466
568
1493
1615
1986
1726
5
1491
1673
733
891
1538
1186
1870
754
747
78
908
1964
1178
1276
1573
741
1784
78
1484
1517
1851
66
882
643
572
1409
992
1876
404
1779
214
795
490
48
1017
1200
1812
694
506
1960
521
816
1279
1876
163
50
1853
1789
327
1400
1756
1020
6
1122
1567
1046
7
57
179
977
1687
498
1097
1441
1638
1946
1943
2
1733
1877
413
570
1291
477
554
360
390
477
1162
627
1761
896
450
1661
186
207
670
659
1140
404
441
1118
358
687
1490
107
965
1210
1282
1065
1217
719
864
1892
1002
1216
371
399
1153
31
1479
37
1515
1684
809
1535
1275
726
202
1109
1333
1655
1615
1691
1897
1619
1374
1365
1825
1365
286
1144
196
1424
1930
1504
38
1254
1370
1967
128
1211
526
81
1573
1499
1603
1582
569
1906
1992
662
564
1474
135
549
774
283
1753
870
1814
332
365
1624
217
710
1960
1089
594
1119
1232
392
990
1801
1655
177
299
1031
1913
450
1586
1944
1593
1001
24
1564
915
917
466
53
177
946
1086
1909
1070
265
1247
1895
1664
667
4
387
1462
123
1701
760
1038
1304
1634
281
811
1963
671
1584
1842
68
680
30
1213
591
299
337
1828
132
349
313
1880
440
1668
606
1258
1384
689
1825
1757
1996
1614
970
1211
811
1906
1203
569
996
194
1740
727
1791
566
1919
844
457
1235
1985
1899
1138
1242
696
92
201
1334
1106
102
1079
120
762
1021
184
702
640
1739
809
412
185
726
276
136
1777
1354
1109
1171
252
1455
1086
1556
1743
1382
755
437
1045
875
132
744
896
185
15
424
798
975
199
1940
1187
159
1468
710
87
494
103
1959
1985
1238
1874
1127
335
1308
654
770
1355
1796
1820
1814
1912
137
1321
1936
587
325
1333
1175
290
955
536
1972
1842
1554
1549
1932
202
994
1766
1966
1579
447
1971
925
1396
1847
1437
1519
1297
1126
1879
1178
1008
39
1959
1065
1984
936
1027
1821
732
1811
778
639
919
721
1773
974
1648
9
1730
531
1215
1020
960
1085
1665
1297
561
522
1315
263
957
35
91
194
1618
1195
829
35
645
1384
263
1890
1455
680
1715
1449
1359
848
1738
1888
1377
1863
133
66
1983
1459
1051
351
1905
1388
1275
1440
312
499
906
411
1320
413
411
1624
771
1448
669
704
62
931
1456
418
615
1914
1432
1153
54
1895
239
1373
1837
934
433
1517
935
1703
1751
1950
930
1358
1707
335
297
1354
1624
1917
1082
799
416
197
828
1562
1112
16
1127
184
1191
951
253
1805
1132
1025
1332
158
555
1173
1207
750
301
1750
7
1316
933
1246
1325
1944
358
1727
1007
1013
1663
1790
512
56
556
1806
283
81
969
1573
1809
304
1346
85
833
1204
687
1454
1191
663
1390
136
1353
1569
107
946
1877
1821
953
1313
725
1491
1031
937
362
450
1415
1743
1869
1509
960
216
1641
1873
1218
1717
1781
97
939
1804
1488
1699
998
987
1545
1913
1929
267
1812
720
1335
990
860
638
1725
1871
436
1770
1896
1122
954
1544
1880
1928
566
621
1177
693
736
1992
199
824
580
1268
1970
924
1335
816
1478
32
474
1799
1288
1239
1671
1315
85
1288
70
682
1428
1825
981
1091
593
411
1026
2000
262
1039
1553
1161
440
776
458
1499
237
1295
997
1176
1653
30
582
588
1583
58
388
245
227
126
1156
1258
596
1205
1068
1001
278
92
158
130
1961
1769
816
1765
651
1395
515
145
1309
449
1005
1961
1136
482
1488
979
247
1139
688
1969
1937
812
724
941
626
169
66
874
500
745
1552
554
813
572
481
772
253
1014
861
399
1102
725
858
707
1018
1283
625
1085
1349
1103
1807
1986
402
588
145
1002
1749
495
757
1880
1246
1358
1819
650
608
385
1828
370
51
565
1317
1684
252
1225
572
694
1936
1133
766
996
440
605
51
116
1628
1538
1301
8
1214
541
1138
268
1721
88
162
340
1208
1623
480
1041
1516
1430
1461
1555
824
939
1740
1654
349
1841
1291
1107
175
391
668
279
154
1906
1138
357
438
100
1411
296
675
753
914
544
1016
1531
1499
759
1144
1319
1095
24
853
942
781
934
480
1946
1788
27
1478
184
458
1734
952
1328
867
1045
211
1985
1811
467
1038
345
722
1860
80
1359
837
1453
12
1761
1179
1461
1867
1767
686
618
212
867
229
377
656
826
1749
1478
653
1921
431
1213
515
144
1888
385
1259
845
1770
1898
346
181
707
4
1240
503
1348
370
140
1923
619
574
1730
1510
1406
189
1756
1806
628
1214
1771
1306
1863
678
1907
136
242
416
339
637
1865
1957
1514
1625
680
1560
1634
158
259
1124
1943
1334
1232
904
1472
578
831
620
701
269
1425
1143
1732
1231
894
1115
1610
23
330
768
900
767
106
219
1297
915
1208
1834
1998
549
1095
1968
1847
1547
310
274
928
1829
131
497
736
1005
171
691
1643
741
1630
333
1830
66
1336
1470
1932
962
87
1072
981
1935
241
1146
540
358
1377
1239
1074
849
468
507
1135
1287
324
33
322
571
686
1028
714
515
211
1176
1156
1231
1535
401
1024
1328
223
317
435
1882
747
1984
156
947
1859
1996
1451
1333
1232
1085
549
1227
574
773
1548
1003
649
632
246
1729
1983
175
663
834
1971
1439
1691
176
331
1499
1304
1609
1771
1971
163
1170
1411
1444
558
1010
527
1361
1734
340
407
41
444
1768
107
466
414
1286
924
597
1861
1533
168
1081
686
1312
1911
1133
1137
589
1341
1414
535
928
380
729
1972
166
1015
1709
139
1878
1615
578
1347
590
1966
1179
401
760
1426
935
1171
1176
355
341
1147
1775
589
541
1304
777
1384
885
1207
777
906
1688
393
1903
531
460
231
1954
1658
242
778
523
120
888
1705
45
462
1451
1630
177
1973
973
837
1884
302
159
162
59
1195
467
1537
517
941
405
1464
1079
1581
469
1848
498
1405
1322
1616
1076
495
1186
1
1764
1242
941
672
150
294
137
1574
1585
469
949
801
860
893
1967
1081
1831
1518
1095
1135
675
1478
746
545
1533
654
1804
1714
928
962
1509
93
1002
1155
1186
1483
369
1504
903
1204
159
130
1986
1904
48
1700
1819
114
87
1566
1261
738
355
552
129
1238
356
987
67
375
1173
236
953
1482
585
1849
465
1883
1564
1814
1044
1908
1935
1734
136
557
995
724
1683
818
1318
760
306
1263
1658
1492
657
417
936
872
1239
980
1804
517
338
1309
372
1982
616
1385
188
985
271
1769
930
1174
812
1753
1667
1502
703
1953
1397
347
1729
1598
1621
1910
133
1234
24
1304
378
521
1715
360
997
715
687
1729
560
477
55
992
1183
1465
1589
618
1475
1016
1983
276
1480
1958
1026
460
983
1610
463
1687
529
1174
35
1649
1029
955
266
520
374
294
1006
232
843
610
1738
890
368
1211
1654
1074
610
1008
666
598
1193
191
1221
1232
280
599
634
1854
725
1614
1843
1685
1900
1622
521
1794
1328
131
1975
1770
1367
1242
1735
1880
1933
1093
1834
480
380
248
34
27
1985
40
1071
863
30
1010
1358
207
1899
1698
149
599
1050
662
377
1189
1038
346
1930
1563
1403
1364
1682
1713
1373
1812
1461
1239
1201
466
361
1915
746
746
600
920
376
1719
558
714
550
371
433
403
260
156
1795
1091
469
1707
1932
1070
1203
802
1887
1708
648
1138
309
1985
484
190
1579
1848
289
335
115
605
1072
746
284
1416
1261
1912
16
467
544
694
453
1743
1865
478
630
693
1275
504
1250
1650
1537
1616
1878
837
1048
1962
291
975
145
328
1458
615
509
1226
1244
1703
127
1110
373
292
545
179
452
1162
1584
1779
1687
185
1817
1212
1054
327
180
439
491
63
863
677
1250
1757
1645
1015
1537
1353
576
98
48
155
1954
1688
1945
1704
1685
963
1164
370
1238
257
1583
1145
1261
97
1338
443
796
636
1153
1487
1986
1694
134
587
1506
1674
1933
1337
1902
468
386
933
808
1755
1330
594
1895
1043
606
813
1084
6
1442
989
1521
1847
1031
405
1331
1808
217
594
268
608
327
267
615
1846
389
141
459
1401
751
451
1091
1954
1611
1401
179
1862
246
1764
1343
485
1523
516
312
240
1282
505
1849
751
1842
316
1924
1816
1290
1826
1882
894
1207
513
1083
1888
837
1485
1608
1003
1714
562
44
1806
410
1935
1987
1195
1369
434
672
1551
532
1912
1178
311
295
422
1978
1059
860
305
258
246
599
1324
431
1048
1090
1366
1642
220
1124
1156
243
350
1194
250
844
1204
1932
1509
1120
1401
1812
800
1498
1020
1394
1578
1475
799
1076
555
1594
442
1578
1041
1877
1054
1841
595
1588
99
487
1257
700
1414
1017
1115
1745
663
121
297
150
259
1624
1946
1753
193
564
1780
1140
773
187
196
888
1168
932
1996
108
172
734
523
1606
1300
576
1522
1995
869
221
163
1342
1496
278
635
909
1096
1963
634
1305
890
1476
1303
1585
1294
1030
261
1284
1348
753
1979
20
1909
1258
1055
551
1943
1377
632
1644
1807
165
888
446
1799
1684
1213
20
914
176
333
820
690
838
111
350
1867
663
1766
550
707
1655
729
7
1283
1117
23
1213
1147
1241
667
886
140
72
1999
1697
500
1111
1174
8
1056
453
578
1911
1934
1763
1729
322
1247
1630
923
343
1815
343
680
1902
1577
169
1097
1359
1026
656
288
35
1081
80
1258
833
32
33
320
1879
86
1890
214
1022
1935
1874
1939
658
701
784
740
799
262
1712
1957
268
394
342
1814
285
241
312
916
1390
1173
614
562
567
1215
1689
1704
1153
1808
1043
211
870
291
387
207
1337
961
1361
1593
571
249
848
1507
1227
1020
1528
1106
1179
1567
1302
800
1836
804
1197
502
461
1921
1481
496
382
332
145
425
1782
432
759
959
1354
271
1360
1081
737
1653
1960
219
939
862
679
829
271
685
666
430
208
652
263
1945
726
951
1448
93
1448
653
1048
983
556
1078
5
1308
1186
874
908
1157
1461
1928
62
989
354
1216
674
904
1799
1073
1493
757
104
1101
1611
1794
1809
1549
1980
222
515
1724
288
1207
167
1846
1346
934
584
514
1559
81
473
1932
906
1191
539
1447
34
161
96
41
1333
20
1821
906
541
1576
101
441
108
168
1572
1893
1548
844
1553
542
1608
1336
718
702
1471
1039
362
1920
736
1282
1096
1199
1912
1688
1319
715
1189
201
1449
81
1453
1093
782
694
39
712
861
665
1709
807
1554
9
649
1436
188
552
1745
1885
576
449
1998
697
201
58
1003
1782
1765
805
1614
1145
632
807
1615
587
1181
1171
847
1673
645
1048
1125
1308
691
1450
1570
1320
1271
1559
1625
871
1447
1695
1332
1331
810
1840
453
314
857
1092
101
1606
1329
1876
1364
971
1765
915
187
1129
1
1895
810
1451
76
1822
1887
1814
1292
65
1401
43
111
234
117
1701
1503
678
1830
1814
1631
544
183
724
1020
1761
837
869
1516
254
154
1191
13
1498
403
1757
1182
259
82
503
1658
605
1425
1986
819
1120
1729
988
711
647
4
1468
307
262
600
1811
1562
354
1161
1447
1606
93
829
1285
308
940
460
1149
875
1092
886
1320
1398
1750
130
299
1628
1565
1791
1060
313
1256
1704
1691
144
1567
64
693
832
570
234
53
1932
705
574
73
678
10
258
1574
1195
683
1253
135
1263
32
250
734
798
1767
1103
1999
1306
1924
63
849
1790
1939
1566
236
829
912
474
1185
152
1053
614
1599
1461
1169
1540
900
802
1076
295
1243
437
1
1584
845
332
1789
743
629
298
336
1363
1830
1053
1445
266
1439
358
447
1308
1761
1094
1281
994
1230
1640
1025
731
310
1915
570
645
456
530
243
921
658
1587
710
1335
41
106
1277
1156
1199
1938
1164
284
1044
705
1183
708
423
1701
69
707
1243
20
1185
605
957
1177
1755
181
48
607
1880
1869
1233
1859
78
141
1973
643
1877
334
1283
1626
1044
1354
1714
258
34
962
1087
1241
1969
148
1189
1979
1456
1378
338
171
473
344
99
46
398
190
67
294
1653
120
1419
1798
188
1948
1961
388
1910
296
262
1995
400
745
1650
67
1741
3
1784
258
502
416
1334
959
1550
438
285
1815
427
1392
245
1884
1167
939
219
762
950
22
1898
1443
1685
1737
991
1347
1501
1964
524
1065
401
718
198
1338
1813
476
528
1680
131
1705
1012
458
277
886
649
1305
387
768
193
1573
1190
1759
112
1404
1246
1956
1893
702
282
1449
1061
966
1522
513
1010
309
1771
392
1472
1783
50
660
1496
1019
445
438
23
653
1698
564
1936
707
645
1083
1529
1097
72
1343
347
1176
1919
1335
584
705
1971
1268
500
822
1027
237
1367
361
971
1646
471
1997
1668
1640
528
646
524
1855
695
1474
781
1249
1717
306
537
1686
238
483
1854
999
205
502
865
489
297
1691
805
1008
844
1730
439
832
291
583
380
1799
727
303
42
334
1433
569
1102
647
1557
1083
1294
769
1812
1679
1608
1479
1205
362
836
380
450
646
620
391
29
1854
753
1870
1641
555
1606
1804
1454
665
367
1012
471
667
1607
343
924
714
1043
806
479
1599
429
1107
127
913
1778
839
906
686
307
1510
88
361
225
513
664
719
481
1867
611
1503
819
1783
1492
107
1335
1269
759
645
1515
1949
1205
131
1753
448
1849
1080
155
355
302
1767
347
1073
1677
1935
1641
263
826
1935
177
818
646
429
987
144
1974
38
1400
1873
1073
655
342
672
1021
254
1573
37
154
1997
261
942
1841
1035
689
686
1593
344
1728
938
822
1860
1214
162
1123
1630
262
294
937
803
1511
1368
1027
592
996
72
1236
631
327
1000
1439
1634
1099
1030
1584
595
1478
401
1471
1662
1149
866
1042
1121
1367
561
62
705
1849
1462
1681
1593
186
32
1077
1670
278
1946
1720
774
116
658
392
1841
879
344
251
1458
313
436
269
122
1603
1424
875
962
536
184
817
1803
106
1423
1587
496
579
720
764
1324
820
490
1672
1714
13
1984
393
1733
436
1802
360
144
1876
124
611
464
1379
1644
1818
362
1676
510
1194
105
1467
94
115
155
913
1797
1943
1752
72
468
1322
1628
517
1326
227
955
279
1483
831
1496
1410
1770
1702
363
899
299
1679
808
836
1190
1782
1034
1854
1876
19
544
901
969
1089
1702
146
1460
798
1847
634
1739
1570
1826
997
126
1594
1857
1765
750
315
504
1935
815
322
1288
1159
101
1868
1178
1849
1165
483
359
1700
178
1795
270
427
1099
1952
931
893
260
1988
1371
1307
1671
350
1201
1794
1331
278
581
580
1680
1776
1381
1194
1327
155
899
1997
293
1186
1117
877
1293
526
1070
602
757
648
175
853
266
374
406
181
183
1518
1900
1420
1239
296
1329
1682
239
99
167
464
1154
1222
1980
935
1684
1432
669
607
991
1754
1294
934
1438
1932
1217
1919
608
716
1566
935
1039
315
1827
570
1384
1389
1799
951
40
477
987
211
1431
937
526
600
239
1073
1239
1463
159
604
171
1224
301
1128
1083
964
750
78
935
1327
917
1211
814
623
997
945
1504
1646
1372
648
1765
999
559
122
365
1960
290
1263
1741
831
710
1164
1459
1832
1437
425
1144
595
1404
865
721
1325
1806
1146
1726
1796
576
1687
1316
264
1605
1767
1730
561
504
1314
262
1606
136
988
1382
1059
847
61
1754
1314
1349
1321
1307
1440
110
528
321
1715
8
1972
1862
642
358
184
1926
1270
19
1242
1703
1640
1844
1140
206
1904
931
1702
218
1079
1448
1772
909
1348
1602
370
450
1739
964
457
1988
1356
1046
833
324
1751
777
625
1607
754
865
1694
1390
876
582
840
284
1258
280
996
876
561
715
1733
307
476
1780
845
1627
1753
478
1060
1476
1306
1834
1332
422
638
1430
1567
271
506
680
931
1980
1597
1847
695
1237
238
1879
941
127
772
1336
80
1982
68
1639
1515
432
680
1433
922
1082
1304
712
1281
1242
802
457
35
1050
1389
1917
564
204
378
43
1463
231
1951
1499
428
1617
1263
576
71
1918
1273
1947
1146
1541
1578
1837
16
638
888
30
1542
160
1741
804
1291
352
1585
1096
144
623
40
402
653
1391
883
637
890
1154
1302
597
796
274
774
968
1664
1169
1663
323
1146
1721
1738
552
1647
1365
1067
1059
461
447
1423
885
1196
445
1199
270
279
1119
25
1222
206
188
1450
119
30
1090
1624
1339
1807
719
1172
1849
1556
1744
268
1682
1472
1109
356
1678
1997
1723
1476
1447
1132
1132
1962
533
243
345
1842
1740
717
944
425
1730
1125
639
89
449
1799
1017
1529
1026
371
410
319
215
173
1805
997
309
1879
77
589
348
192
1236
1812
925
1084
1916
1991
1865
757
62
364
1516
1215
1698
744
961
1927
840
359
1267
518
148
1718
1512
1885
1525
1619
567
1611
1419
372
342
588
1860
1380
1718
437
720
1210
443
83
1464
1401
1054
276
1104
1849
375
1070
1548
526
1251
345
345
1390
692
1687
1793
1404
295
1761
1629
469
247
836
317
802
402
1343
912
796
1285
1070
422
607
1485
1893
888
261
1430
1049
368
932
1239
1220
1022
1906
130
324
203
598
1042
1429
155
510
1489
1433
1821
807
1700
840
593
580
74
772
1478
1770
1933
1332
792
95
159
1228
451
954
169
526
1497
993
860
1312
1780
862
654
1110
1021
459
252
1324
1149
1042
153
1244
943
1353
1619
1249
837
996
812
315
1591
1521
444
17
743
740
117
1189
1416
246
645
138
228
1261
448
1064
1224
1402
993
1071
134
1063
1295
70
396
1021
319
1648
421
285
1132
500
1655
240
1761
1433
1421
1775
1139
1623
1685
1317
59
149
1212
5
980
1040
729
150
1129
1425
701
1541
1771
380
1496
1687
1442
883
816
426
287
1208
124
63
1707
276
752
569
1458
573
1115
1514
840
1248
104
1190
605
561
1765
884
995
993
312
1238
990
1777
1167
1781
771
358
1200
1792
398
1070
179
1841
1145
729
1724
1059
1787
592
1839
822
458
61
1494
945
1211
618
43
267
1703
593
1265
862
929
1122
108
1389
172
210
1222
1820
1173
1278
419
482
1181
495
769
395
146
88
1264
1327
479
283
1475
44
996
1547
188
28
1247
1662
432
1519
306
989
1982
1161
572
1120
1942
1762
1937
1150
575
408
1947
1292
1584
1406
1870
1871
1125
402
264
378
100
1693
843
245
355
25
1014
36
982
1278
1409
1937
1656
1617
592
618
1797
1434
543
459
997
1878
1645
725
925
1754
1334
1736
740
1234
1539
1712
291
1920
56
727
815
357
881
605
1085
188
980
1854
1473
927
1144
331
1289
829
845
604
907
1349
705
1320
1578
571
527
45
208
784
666
1501
1009
943
440
713
995
231
968
1898
747
1400
1940
231
1088
1415
1961
834
1552
976
1196
1614
33
938
1895
1404
757
1762
144
1409
1469
528
1612
1469
172
1775
1811
1673
1218
1371
150
538
1875
951
1936
1004
1613
1688
1187
1229
773
1435
1044
1017
404
1187
1542
453
1164
902
1729
1472
1753
650
470
1493
1815
478
1061
436
1111
1190
231
75
1275
1611
146
759
456
832
1807
1290
585
456
145
308
185
665
9
1439
962
1014
475
1360
1304
1702
58
1823
1423
1791
1929
1583
703
1684
1936
997
688
1127
1902
1870
1931
339
700
527
1289
1542
527
302
1688
203
809
1339
1084
373
1751
1138
530
1403
168
1528
1166
1939
830
1324
1740
257
631
282
567
169
1549
317
1397
1769
428
1549
1818
360
1331
245
1051
759
1920
22
1182
1383
18
1336
1644
1299
64
1232
1633
347
1312
649
1777
156
1965
1677
1237
102
989
1106
1221
1888
586
1272
1630
1170
1653
13
22
709
1413
981
1429
690
13
1696
473
1339
310
1638
420
1843
1315
772
15
1079
611
48
1685
1975
694
1523
1460
1461
67
1859
1609
1912
1333
633
649
356
368
712
330
71
319
156
945
29
927
1961
17
487
1122
1755
1652
617
1731
1670
1191
18
1559
1212
979
402
814
898
1421
1268
1358
1556
1895
628
1953
1905
1926
1861
411
734
659
507
594
820
852
1984
231
1985
1424
1260
1294
640
96
1724
1428
1416
708
1098
437
827
330
90
689
1442
720
1483
258
1422
628
1001
1524
1641
79
1581
24
1451
895
424
1499
634
1318
1154
132
102
1245
1937
944
200
1630
426
1123
1559
1054
1657
1600
1052
538
1734
1205
1441
1953
699
1305
1408
781
1703
505
1006
789
1038
581
601
688
715
1778
1290
1380
1076
434
1710
1497
9
1800
812
170
1108
441
1545
1941
611
730
1790
1858
1435
1166
520
1023
612
1474
945
1116
956
588
815
1839
1488
466
1374
531
1077
281
858
1769
370
1371
1695
1884
411
444
758
1397
1287
1770
1786
1145
1394
881
736
1314
1296
1484
146
736
1655
850
1547
1462
1163
515
177
749
1820
1098
583
765
1580
1736
799
212
211
839
1451
694
1082
61
1101
1195
359
294
935
1306
1298
790
286
1571
947
588
894
31
792
22
1231
715
1875
1701
1412
1869
944
187
332
1584
1544
1317
1787
1263
26
1805
1267
308
506
861
1063
553
785
772
1586
1792
1651
186
1471
1395
1593
181
1796
769
873
853
1034
1965
1245
257
1016
1606
886
1509
846
1601
1352
1303
1364
1376
611
1984
1135
1443
1900
383
1859
1819
573
1331
1941
958
434
357
1579
1954
601
985
1650
1101
511
352
1477
1637
1339
1163
1364
412
657
1228
1858
1375
1105
948
343
1499
17
166
341
573
41
1671
318
1427
1977
89
1053
553
162
1737
743
441
1635
1660
122
1465
537
1843
1275
1979
1650
821
1407
1928
134
1008
1649
972
1146
1050
1559
33
1436
564
362
1582
551
614
1766
1090
792
1839
1465
255
951
1051
358
343
307
1407
1792
51
1162
221
1579
237
1956
1878
675
1703
1801
1129
878
489
1625
1964
1271
1019
1158
1395
257
1785
1957
1944
842
1457
1566
247
1222
622
271
397
1514
467
643
360
1520
1498
1288
921
1016
1221
779
1992
1346
701
244
689
1776
32
391
964
752
1481
1051
1667
954
1793
191
1061
1382
136
386
1274
1135
1530
1717
1696
1061
1711
1334
583
1873
112
878
828
962
428
74
54
1511
1038
269
1843
1919
1367
1981
694
1404
229
1052
1418
572
790
1244
1179
366
1134
1767
1155
1588
831
1962
210
740
257
508
1528
1368
1669
1405
1524
1661
1248
875
839
270
1955
1712
429
58
454
1345
646
1517
1500
147
632
316
586
505
952
874
1260
1279
306
1344
1113
746
550
964
1177
1130
384
329
490
1643
1017
1943
1480
459
151
335
1841
710
394
1500
1475
960
1346
204
1312
17
1358
1645
275
1315
1759
110
1322
836
1886
340
581
1148
1377
894
428
1961
662
758
1845
1459
1784
1746
239
1583
11
271
1271
1597
873
1847
1088
184
1041
636
898
662
1264
588
513
1920
1902
596
1008
1414
1799
112
1336
1538
736
285
1855
260
374
1331
1338
325
429
1325
1813
865
1357
1277
1669
316
1853
401
315
290
1830
60
1760
1716
949
1246
224
863
161
908
1485
1046
319
177
596
245
1003
1489
1921
1377
1605
1931
364
57
393
1516
1254
383
1135
1845
818
1569
1937
898
297
160
1200
644
1472
192
1382
148
1302
1244
1800
241
986
1874
271
843
1721
964
470
581
1096
1937
465
1182
1997
202
553
1351
542
1981
307
1541
621
574
178
1388
623
952
1684
436
1774
1897
1803
1755
1012
528
1851
906
609
148
128
39
1713
647
1319
1767
770
1039
1156
1506
1555
1144
1825
1137
323
1220
1665
1272
1439
584
1900
1207
683
1822
1988
171
546
1445
1854
314
1034
1170
914
625
1250
961
1096
1931
1418
193
1607
1553
1708
156
1750
1386
397
553
168
198
1577
520
1611
236
1781
332
186
1046
647
379
922
1349
236
833
1342
228
1210
134
825
1188
954
1700
1918
670
1934
619
1270
1657
524
1090
1413
1087
388
1955
380
1608
1529
968
104
1701
1041
1263
809
955
795
614
1933
1129
446
105
139
1853
770
502
1334
256
1163
180
925
328
1468
1449
1173
1739
715
683
186
271
89
1419
373
1566
458
1963
1576
591
204
1436
1912
788
1188
1378
1622
1899
1959
1393
517
758
1065
247
1637
297
796
286
885
222
783
1257
541
1722
1076
238
615
1279
25
1318
1368
1274
1479
233
826
503
899
753
1367
1906
1793
1598
1731
809
757
410
915
12
587
115
710
1673
1334
674
35
1995
1774
1453
291
672
933
340
1538
1788
1966
1730
1961
1784
1049
1260
1525
1075
170
870
1996
829
421
981
1767
1339
486
881
1887
801
161
1516
224
1283
407
1004
556
313
1749
50
1211
1815
112
273
1909
1153
1369
245
464
527
1685
1903
1385
1316
1485
1058
922
1299
1503
910
757
1556
11
176
1754
1852
1737
1811
1032
165
790
1566
181
172
1599
1625
512
561
1710
1991
1284
964
1806
1781
26
459
1595
1077
1701
498
1658
1229
470
1258
1146
492
1660
944
1688
1122
1018
1562
320
1757
76
1704
20
526
1578
878
1099
659
470
1436
915
168
1752
1278
1169
263
1610
511
748
1534
1530
1413
1782
622
379
1374
788
1572
111
448
1487
411
888
1246
473
1688
1232
1377
1509
175
459
1981
1593
388
1674
1903
389
54
1394
619
1868
1518
1684
713
1077
1191
133
1123
1015
616
1177
66
363
1007
609
1837
1925
1336
1542
251
798
811
218
635
82
410
437
1572
1401
1115
740
1148
1221
1280
1866
1893
1833
1176
557
548
842
1771
53
156
311
1059
1223
226
890
907
567
265
929
334
320
406
588
1689
1983
1133
1567
1260
1045
1874
391
115
893
354
1125
322
1753
977
1740
417
174
24
1094
530
1587
896
947
598
1261
1151
306
1135
138
851
1339
819
905
1660
24
374
1594
212
1059
671
410
1438
1130
891
1617
1174
1875
787
632
1022
600
1370
1826
836
706
1862
370
1447
867
1041
106
1675
1404
1886
1363
456
833
618
1201
1690
1886
63
379
1282
1464
587
1924
235
1832
1187
388
603
997
99
1030
355
1121
1449
440
1790
1374
1785
872
1857
359
1773
1168
1534
1322
169
12
553
576
1296
1091
871
1100
735
1568
1381
1933
1179
1424
1696
205
1609
1946
648
575
1813
797
738
176
956
353
1240
169
1166
1601
399
343
998
1769
1664
1014
1753
175
199
1617
1051
1974
368
1068
1409
246
1010
560
530
242
271
1022
874
234
385
525
325
1651
1575
1023
269
1148
106
155
1019
1084
849
757
1906
461
1552
1130
1030
488
150
111
1406
910
1403
295
362
1106
1409
1071
1590
741
283
963
322
551
687
698
1900
1857
183
129
1758
1513
409
161
315
1341
490
1656
1796
802
1121
1808
596
854
307
1790
18
938
1189
1089
170
273
865
636
1593
1817
1695
1769
375
1810
1566
975
698
481
673
1362
1858
113
107
1497
1537
583
1991
442
1631
734
1070
664
1881
220
926
1833
1520
928
873
1092
1634
1386
741
1145
614
1187
671
996
746
1714
1266
513
820
960
177
590
1297
653
1685
1832
729
466
1005
1467
1881
960
1342
639
1668
706
1923
594
1749
470
1171
1261
954
1658
876
756
863
1795
939
1274
522
1251
552
1018
1509
1503
1719
1688
1228
1472
228
576
696
1870
885
1407
1908
1804
354
260
1549
1238
75
1537
411
1740
618
1885
1802
1366
1636
1010
1022
1736
502
163
20
751
1335
1679
1357
1521
1333
1371
1531
78
647
736
1302
1837
1676
1806
1061
1404
917
1753
293
1981
1869
1627
869
940
229
184
1536
1141
777
1393
1730
153
655
133
977
1555
887
290
1637
913
1805
717
520
244
1874
1998
67
933
1554
312
311
1025
799
1534
1862
305
756
1172
404
238
1191
1588
503
621
223
1634
233
68
1243
1831
1520
1542
468
497
480
1979
963
972
745
169
1448
684
477
375
1134
948
1932
716
1747
303
1919
1408
432
215
398
1112
629
1683
813
656
897
1612
1378
1230
946
1255
856
97
66
1890
1862
1179
1928
1994
1598
244
749
1764
986
484
1170
343
1602
580
277
669
847
487
66
1048
807
1770
141
1658
1196
1276
1135
13
1070
1779
904
885
225
440
591
114
400
1737
1278
1876
866
300
1806
1443
9
880
1089
931
104
1979
149
942
824
1513
73
711
819
772
1955
1468
891
193
740
1009
399
103
1189
492
847
683
743
1024
1751
85
799
165
666
1047
1687
1045
713
1088
618
1993
668
1724
761
655
578
1660
4
1538
883
1056
41
1054
632
83
498
582
335
1176
629
1246
1367
1621
917
1262
1827
1127
1091
570
780
453
1144
303
1291
1504
1821
1301
52
190
405
1617
1396
654
859
1403
182
823
356
1052
306
1020
658
625
421
1619
1128
1202
1412
1707
351
712
1408
702
1926
567
1594
759
1370
175
125
1975
473
236
563
1204
1972
1421
1434
1942
1328
477
1013
1914
1635
580
1040
563
1588
802
1004
1322
330
268
1542
1712
103
1082
107
575
435
584
84
26
516
1315
869
741
452
1776
1191
33
1193
358
1956
1670
289
799
1242
1741
1557
243
1310
1950
206
964
1692
151
1499
1810
359
630
1538
1332
222
1238
672
939
1
673
1510
1271
560
308
783
1153
1617
806
782
1120
1081
1448
1613
1855
810
727
1021
998
896
1000
314
705
1388
1767
1913
817
386
1989
1322
826
1566
383
1684
856
280
1691
1794
617
786
1146
523
1325
570
385
1606
201
1037
1162
119
409
1088
1082
509
717
909
1223
943
1822
1855
1302
234
1225
444
299
1953
182
615
1116
10
1328
185
1345
1355
568
337
504
73
1181
1857
1378
979
215
925
385
44
1712
362
152
1266
29
511
206
302
963
1511
1003
55
1826
144
524
537
274
1550
596
1003
452
361
916
796
113
1490
1074
1340
215
11
145
795
635
47
1403
252
204
1035
1814
973
1026
1813
82
1251
1808
728
1555
84
291
1583
759
800
358
1542
347
752
1408
1622
649
825
1344
1973
1278
276
861
1074
1835
1850
428
333
356
507
111
1415
1448
641
1430
1348
687
1562
1925
1172
729
682
243
718
664
687
279
1072
874
659
968
1735
1509
13
1753
1732
1957
975
1586
1784
739
213
1451
499
1273
1888
534
423
905
1564
186
1668
1422
380
179
516
1490
1697
566
393
790
1130
408
1599
52
114
470
1684
239
934
151
58
982
726
138
1346
1262
403
118
1233
1039
462
229
417
709
693
1103
339
403
603
240
933
732
355
406
1737
1695
1345
80
752
1704
445
1551
1549
154
1609
1309
491
1042
1712
422
367
420
1731
1484
1267
547
534
1940
285
1538
1626
697
209
65
1226
1833
346
281
448
748
30
1678
1001
1220
1215
757
1370
1205
288
517
405
1033
536
1023
1645
926
1764
1159
368
1516
1490
288
32
1443
969
902
461
1314
1853
1526
921
827
1075
87
549
923
1592
590
1722
108
860
1199
289
242
990
410
1981
1681
1341
28
129
1668
1041
1886
660
934
1782
1523
1021
755
1390
282
687
1566
196
1370
793
92
955
415
270
1967
1328
542
279
1748
1012
1390
659
1576
1021
1274
1971
45
871
577
1466
433
1445
1667
546
1284
1429
1616
1775
273
309
874
1341
128
360
1874
1615
314
513
377
1627
1260
1603
126
957
1029
1894
1905
1121
113
1419
209
1627
1063
1381
1770
1860
1399
1299
1011
1695
1861
168
592
1863
957
1474
1682
1989
976
1563
606
978
568
722
1602
1076
990
1622
270
1836
566
1752
1745
1152
1878
670
622
1980
172
830
555
1885
1412
1937
1603
324
1008
280
1606
1778
340
405
1925
91
1417
426
1283
1504
1322
1631
735
1897
1047
427
28
1612
683
1088
610
1592
449
1804
1740
1960
506
1290
1430
207
48
592
336
946
808
1596
1158
653
1327
1044
1415
405
83
227
494
1494
637
422
63
156
1313
1364
1739
922
1128
1113
630
873
1927
1870
657
118
1324
120
1781
1610
1751
1403
190
1117
1539
336
563
911
139
1911
1525
1898
899
1854
1275
856
734
39
1006
1386
1663
590
1111
234
338
50
1750
1948
967
1328
1073
854
856
1510
212
1058
450
394
1261
1466
753
60
1671
1293
374
1491
1110
1873
830
1406
458
344
1305
159
1253
1382
1518
811
1854
1271
1188
166
836
718
57
204
1407
571
200
196
816
711
1056
514
226
541
1154
41
1093
961
714
803
1309
1721
1686
1236
775
1707
4
1252
524
934
1947
757
545
1706
1576
1780
446
1437
233
1711
798
1865
444
13
273
256
1080
1712
384
576
1082
1458
341
1874
162
897
549
1343
470
1358
1566
1460
514
1243
838
1412
491
470
743
359
390
1754
1938
1535
609
174
397
1216
710
1826
13
828
716
488
702
951
1822
846
593
53
721
1183
324
1418
1266
699
331
1622
595
976
136
1978
379
717
1940
1801
851
40
1434
417
494
283
213
1434
93
981
1136
1659
1230
996
1243
516
1333
1004
1905
759
264
415
386
1661
1289
1110
1455
1811
374
353
1232
897
496
817
167
162
1085
563
180
1945
465
1069
1755
1656
1995
1907
357
1252
933
764
1496
319
1882
1041
654
1382
969
1783
1924
945
1731
414
622
1736
235
1705
750
549
1668
924
501
1428
1303
619
184
1661
154
1139
1769
1367
41
1082
756
1069
749
929
909
1033
1053
832
327
1920
1205
1399
860
900
768
171
1696
1418
1444
829
1397
1965
1277
293
1548
438
1763
50
252
968
888
1344
95
923
1384
1062
236
348
856
672
888
1664
453
1731
410
1516
1898
251
119
331
731
1586
281
43
1538
1075
1120
1300
1870
10
46
1235
424
1451
1927
749
1435
1531
1254
742
784
414
25
1631
1602
749
1363
1481
322
1712
1839
557
1875
1542
524
1246
1773
1545
804
1440
92
451
1168
36
1668
1552
1924
1237
1779
1264
1415
468
866
1009
986
1817
561
320
904
289
492
1199
1604
720
596
1339
327
845
1486
605
668
1889
624
698
1848
1743
653
1018
1127
474
1903
1067
1711
1381
1850
197
1019
1373
1117
1672
835
290
1231
507
1672
1786
912
291
1542
485
378
1997
455
723
626
1524
760
1211
508
240
276
375
908
82
620
1048
360
438
1694
1428
1487
868
1658
927
205
1241
839
730
1053
399
1594
1368
933
1385
1653
454
1274
1495
1819
1021
108
251
1290
1744
1506
1941
168
437
1211
384
550
1841
1565
770
1478
321
258
982
733
144
249
1887
1821
1164
1300
1781
430
745
704
1787
1147
25
1290
1521
899
1816
1877
84
1751
225
1154
1511
628
1489
795
630
1341
770
1469
1698
339
1765
184
1793
740
782
1444
199
1461
1818
1669
439
268
736
792
241
1367
999
424
295
837
1277
903
140
923
828
1551
1131
1149
723
262
1141
1016
1850
1003
1330
1746
376
632
296
582
854
974
1180
154
953
84
731
1259
826
378
1023
1046
1782
962
90
610
1501
240
1113
29
1394
1429
1792
272
11
832
1873
23
120
1643
1353
1161
1948
1960
334
230
1829
1296
609
261
785
1585
1175
1725
600
1944
1836
723
1836
865
985
756
1332
246
274
1262
556
1052
1279
375
848
1434
358
406
1516
163
1234
1357
1179
1910
420
1136
322
740
824
1415
1728
989
1151
846
1722
718
1021
573
1610
384
134
2
1651
937
1574
644
1837
1647
469
1467
1374
1749
207
216
867
846
1361
1711
1274
1233
341
1910
1392
913
272
1929
54
304
830
161
1094
1039
904
825
1837
1781
1896
1096
1541
1836
86
17
1585
1255
1019
1376
680
1684
1758
9
445
1542
1752
298
104
1030
1257
1618
716
719
1207
551
775
504
1772
1635
1874
1022
1929
329
105
1590
705
1044
312
934
1153
1945
1740
1682
1122
285
1140
1811
779
815
907
930
378
1929
1301
1654
1835
109
1131
1363
1445
1638
1500
569
84
1572
1508
712
1432
900
1029
1897
825
1742
385
332
354
628
510
1462
1727
1597
318
568
1239
504
397
1473
1779
1007
1741
646
930
1667
1095
512
672
1696
1872
807
1083
285
1080
859
724
1273
619
1135
1162
1480
321
825
1798
1871
1063
1853
532
800
133
774
1408
745
1464
7
1808
1279
1196
1065
1765
1731
60
1371
1552
232
649
1695
1056
1496
70
1043
1086
280
1032
736
154
1784
287
1668
863
1612
1295
730
318
1162
1498
1676
679
1698
513
1036
1069
418
1741
1111
993
1344
1107
1993
1351
942
327
271
1994
252
1919
1185
1908
1379
697
1976
29
200
1255
268
1111
148
1852
460
1614
466
1636
1311
287
1028
1332
247
1771
1724
1722
509
1843
673
1833
1957
1048
1829
325
1000
614
1262
1249
1861
1004
1569
1521
878
986
1100
1360
125
1909
1535
874
894
1867
995
525
860
1215
1656
644
341
1706
399
1004
1213
789
1977
427
902
1303
802
926
1982
1259
1693
826
1736
655
292
68
967
787
157
1082
1132
1737
1626
824
277
944
568
144
185
1075
783
1052
214
179
996
1760
35
1877
1584
209
282
1494
1519
383
1835
369
537
1413
1468
90
1344
34
479
279
1238
629
783
897
514
1282
548
1170
819
944
1326
852
1596
168
951
871
925
665
1956
1489
418
476
1996
623
67
832
1788
1883
12
2000
191
917
1510
1713
569
625
1071
1747
230
898
1959
1155
1263
683
968
1650
420
1209
920
1015
968
1931
176
555
1038
1928
1533
663
1846
1759
1292
725
286
605
648
1820
1408
1859
1229
1705
1499
1408
814
803
186
1945
627
1118
1910
1792
149
830
535
967
308
1996
1591
1164
1247
1762
535
740
204
72
1989
1540
1925
1222
1018
1775
985
1548
1533
412
1275
1950
143
1286
1471
1042
431
1021
555
1108
721
131
534
1918
789
1313
1776
1963
937
1027
1194
188
1750
1107
973
830
913
503
463
803
1499
1028
1039
1671
142
1660
1869
1983
1945
1696
1444
1803
1857
1431
1078
557
1293
1803
911
1509
874
1822
1844
1046
450
751
1236
948
642
1887
817
987
1112
33
415
357
95
1388
1005
1256
612
882
1180
738
313
1429
622
422
1343
848
717
499
1041
451
303
641
386
550
1913
1920
1488
848
1458
763
968
201
1618
1455
1877
1794
48
1927
1151
1068
372
1772
841
1572
1274
307
376
1984
1712
316
1207
530
729
38
836
508
1892
1378
170
1096
1131
1416
1952
373
1362
1423
1202
1561
1274
251
939
187
1432
1556
766
1200
1116
1593
1544
1989
1876
479
1531
1151
138
1338
1048
1069
1470
1558
1814
21
1540
308
821
1036
541
435
1260
236
1118
1035
676
526
897
1438
162
1876
57
1727
714
168
100
394
266
1194
1790
1536
76
871
1767
146
135
338
1494
164
1432
444
844
1169
1008
57
1833
85
720
740
676
162
1656
1407
254
250
1728
1147
475
1706
1100
1878
437
1455
855
514
324
939
762
552
1239
1075
232
1492
203
130
543
295
1840
750
1991
1870
1882
1733
1874
166
673
941
446
59
1144
242
1254
357
1915
651
1178
1254
48
1925
930
246
1628
57
1505
644
1883
1511
1042
160
197
857
151
1794
1940
1697
1901
604
463
1121
530
1038
1166
28
920
1836
436
992
521
1851
493
954
1214
1761
289
1507
1520
849
1730
1884
1349
264
968
539
795
388
1203
1929
1371
29
535
1285
1691
1099
771
376
617
938
1938
1266
1352
763
1553
1134
1294
1380
146
269
1374
1789
798
303
1809
1915
1648
1978
1953
1377
209
1627
353
1226
428
1671
207
54
1477
770
452
41
1854
187
792
488
286
507
787
174
666
978
606
160
1091
1041
338
908
1163
301
74
905
1222
1616
1118
1960
1
526
766
226
976
373
573
1136
856
232
1933
440
1226
1899
764
301
1001
1019
1472
650
1984
1459
63
390
1722
441
1356
742
363
1221
1568
452
1702
30
24
820
1616
616
77
1416
1967
517
1547
303
921
1575
1674
81
1125
447
1834
267
1237
1414
1947
1635
1561
1170
1257
399
826
130
1981
658
1364
246
453
1166
1049
679
1100
1657
383
1622
1559
1116
1327
891
209
594
332
1432
1104
361
1331
1074
1982
455
1900
572
102
137
649
500
1331
1831
1821
1571
387
743
808
1394
304
773
1758
1054
1801
667
365
1424
369
1224
1039
470
231
207
73
545
1034
1823
1922
3
1931
400
1018
1267
1704
1629
990
1932
1658
649
405
1089
932
1654
1166
1127
799
1621
1752
1267
1390
1634
1782
159
439
1472
1150
1074
959
1730
1177
826
903
756
1648
954
1870
1867
509
1587
1938
1865
1204
830
1484
1938
322
1551
1557
1987
1657
364
1226
440
723
745
293
828
1926
1291
726
788
21
1131
777
1437
1370
1423
1785
782
1941
908
1063
449
1038
1113
1940
1747
1936
636
1104
1059
1526
1088
1884
1685
466
1880
1280
490
1073
1912
475
532
1848
51
1595
1873
129
727
479
1414
972
262
1335
1140
1477
1041
1307
1670
1577
335
466
1347
138
1767
537
1548
1993
1537
343
1979
6
516
150
1455
987
1699
1222
388
1809
525
106
34
796
874
1839
1914
786
491
994
1667
856
1659
339
911
1681
265
516
1724
1261
717
218
319
1592
1820
1713
1295
1873
425
611
627
705
1295
1077
1775
940
1069
194
387
598
1283
290
1292
223
1843
1646
724
1050
747
1294
927
285
1526
1923
1029
400
1303
1729
1684
227
947
1889
87
1473
162
462
1433
1364
762
1577
607
1261
421
1606
1844
1
1487
832
1448
1175
1653
669
234
1594
1019
224
717
735
864
642
886
579
1552
74
704
1200
1298
467
54
1887
1039
689
947
264
652
1019
1013
1596
687
147
636
1373
1964
1654
915
1755
626
1566
1884
1863
1354
86
793
1188
399
754
1221
1159
1359
946
822
1191
1561
1473
80
780
1232
1340
492
1965
624
1619
1324
1234
1943
96
1584
523
1101
1530
930
441
1315
909
1900
904
1431
1928
1356
1090
1342
1460
894
1796
196
1662
671
1058
538
245
327
1906
646
1399
1101
1904
1119
660
365
836
1189
1981
1182
1966
1950
1438
1718
666
1823
1627
1807
1026
1907
509
322
387
677
1002
1591
825
917
1029
93
761
27
76
121
1672
1205
386
302
1620
1967
1277
1218
44
1747
1677
1405
1321
1531
1148
357
1344
738
1903
1176
1862
1816
854
319
1235
406
1074
65
1983
121
405
239
1143
663
1124
1217
1079
545
1593
915
306
1843
1362
1436
235
978
1053
9
1480
1711
1832
1100
1518
1028
156
647
1598
846
293
1337
365
1084
1881
1935
433
741
378
1777
302
121
662
198
414
594
952
1476
828
641
1244
397
1589
317
502
1629
620
826
674
1310
90
1695
539
798
908
929
1028
557
1489
772
660
1580
965
153
1864
443
582
1420
887
836
1158
1368
789
59
1255
1659
408
455
1004
599
446
1867
310
43
842
108
545
1677
1860
488
600
1699
882
75
224
1769
1517
352
1932
1121
589
186
1296
1724
1303
1412
395
889
310
1154
450
39
1612
176
1327
1404
995
354
1469
937
1284
704
1436
751
1366
1854
964
773
216
1354
1343
860
1205
1428
1227
192
879
397
1501
1600
326
1227
824
724
272
285
1610
1594
5
860
1984
999
609
689
1687
46
1862
1581
859
467
1834
1219
1856
1707
519
1771
1632
1173
469
1283
210
5
1190
1306
1452
1742
1744
1842
628
1371
1486
172
16
225
519
1676
777
1184
1907
1110
736
607
1977
476
1726
773
176
352
947
607
778
759
1884
484
1348
742
88
1510
1393
513
439
994
1852
654
1218
1990
64
943
1680
1432
979
1453
423
1059
693
728
1149
579
257
1908
979
14
538
1793
1589
1969
739
1909
1874
1981
1171
334
1667
1425
55
1786
1450
1761
732
734
1041
1449
640
192
1425
989
369
1554
782
1794
75
500
1867
1033
1508
892
494
843
1571
958
1247
8
1371
1145
1152
1191
1802
1975
1659
244
950
1427
816
1608
712
1283
899
179
1608
1012
66
744
1395
790
948
1381
338
195
2
1137
459
682
254
1888
536
428
48
1543
520
904
1824
1987
1230
1388
76
851
571
1408
507
844
1194
1758
1943
1325
1346
112
1076
509
1994
873
966
1478
1723
142
243
1405
871
1761
777
1516
1455
1747
1719
672
1244
480
1862
570
871
1266
881
1084
1332
1719
32
1952
1429
1679
1470
431
1349
1309
1017
1227
980
1373
454
590
1440
598
814
671
1256
471
1668
155
1620
109
194
504
1237
738
640
41
432
1199
1469
299
1574
1990
1425
745
817
401
76
819
1064
1894
1114
569
782
1983
1383
1332
1195
1188
329
507
1791
1217
1419
1514
1085
1111
19
1387
376
267
1609
1647
1134
1928
654
444
923
1419
324
715
1960
94
907
764
1575
964
1601
109
1692
1243
1506
1520
1711
1077
452
1596
1739
855
1504
922
396
586
1325
1503
1925
1225
1700
409
282
1707
1392
1004
1383
563
946
1223
266
477
1497
556
1546
1610
1269
727
65
478
1245
1105
1479
1370
616
1904
1281
1253
1639
1361
50
1577
1323
41
54
42
477
507
1246
1549
1978
1530
1843
1817
851
289
817
1098
1174
1928
1208
841
679
1908
1184
1442
1748
1295
637
208
1104
441
998
317
664
833
964
995
931
52
1020
98
897
1918
869
1378
640
1431
1774
582
854
973
1579
927
916
435
989
1383
125
296
1240
274
710
1633
968
1824
179
1791
1928
574
546
1345
132
1468
904
1074
1346
1409
988
1869
1088
1951
1045
445
677
192
18
605
104
1386
916
1524
997
988
1983
1170
1226
754
1116
1930
1900
1298
1586
465
1906
101
781
1652
1082
1352
1899
1327
1886
1319
860
1793
1080
1863
1463
285
838
1868
571
470
1179
464
157
1136
49
1862
232
1737
695
1398
1621
183
1883
1432
772
987
289
1856
1693
1147
159
1748
532
1318
1078
1723
1942
1583
1716
55
394
1598
661
1522
1340
53
637
7
896
518
768
294
1217
1648
1405
787
5
1786
1042
320
939
24
1807
1653
810
1187
1350
619
1174
30
957
1117
1353
1652
1068
988
585
815
1931
358
179
1786
585
58
1210
1272
1489
1746
24
317
1417
1310
445
895
499
699
1490
349
562
745
1141
1867
566
1442
1720
570
1632
1852
1316
842
1587
1191
1645
1739
995
35
255
833
1754
917
1453
811
1766
1962
955
613
841
1056
1369
1795
19
816
609
1427
1100
104
1112
1951
861
62
303
1444
1745
624
245
56
253
255
414
978
1719
1767
279
1988
1923
504
1481
1339
417
1878
283
779
958
1283
162
1500
1258
1221
1693
501
21
877
1867
1932
1099
295
399
61
105
1564
145
44
582
306
929
988
1545
39
1964
297
221
1222
1461
96
1324
1480
144
972
1970
835
1516
544
1744
1323
1572
587
487
1182
421
1088
56
810
1285
1812
1523
1102
400
800
1725
35
628
664
1384
1290
2000
2000
2000
1999
1999
1999
1999
1999
1998
1998
1998
1998
1997
1997
1997
1996
1996
1995
1995
1995
1995
1995
1995
1994
1994
1993
1993
1992
1992
1992
1992
1992
1992
1992
1991
1991
1991
1991
1991
1991
1991
1991
1991
1990
1990
1990
1990
1990
1990
1990
1990
1989
1989
1989
1989
1989
1988
1988
1988
1988
1987
1987
1986
1986
1986
1986
1985
1985
1985
1985
1984
1984
1984
1984
1984
1984
1983
1982
1982
1982
1982
1982
1981
1981
1981
1981
1981
1980
1980
1980
1979
1979
1979
1979
1978
1978
1978
1977
1977
1977
1977
1976
1976
1976
1976
1976
1975
1975
1975
1975
1975
1974
1974
1973
1973
1973
1973
1973
1973
1973
1972
1972
1972
1972
1971
1971
1971
1971
1971
1971
1971
1970
1970
1970
1969
1969
1969
1969
1969
1968
1968
1967
1967
1967
1967
1966
1966
1966
1966
1966
1966
1966
1966
1965
1965
1965
1965
1965
1965
1964
1964
1964
1963
1963
1963
1962
1962
1962
1962
1962
1962
1962
1961
1961
1961
1960
1960
1960
1960
1960
1959
1959
1959
1959
1959
1959
1959
1959
1958
1958
1958
1958
1957
1957
1957
1957
1957
1957
1956
1956
1956
1955
1954
1954
1954
1953
1953
1953
1953
1952
1952
1952
1952
1952
1952
1952
1952
1951
1951
1951
1951
1951
1951
1951
1951
1951
1950
1950
1950
1950
1950
1949
1949
1949
1949
1949
1949
1949
1949
1949
1949
1949
1949
1948
1948
1948
1948
1948
1948
1948
1947
1947
1946
1946
1945
1945
1945
1944
1944
1943
1943
1943
1943
1943
1943
1943
1943
1942
1942
1942
1942
1942
1942
1942
1941
1941
1940
1940
1940
1940
1940
1940
1940
1939
1939
1939
1939
1938
1938
1938
1938
1937
1937
1937
1937
1937
1936
1936
1936
1935
1935
1935
1935
1935
1935
1935
1935
1935
1934
1934
1934
1934
1933
1933
1933
1933
1933
1932
1932
1932
1932
1932
1932
1932
1931
1931
1931
1931
1930
1930
1930
1930
1930
1929
1929
1929
1929
1929
1929
1928
1928
1928
1927
1927
1927
1927
1927
1926
1926
1926
1926
1925
1925
1925
1924
1924
1924
1924
1923
1923
1923
1922
1922
1922
1922
1922
1921
1921
1921
1921
1921
1921
1920
1920
1919
1919
1918
1918
1918
1918
1917
1917
1917
1916
1916
1916
1916
1916
1916
1916
1914
1914
1914
1913
1912
1912
1912
1912
1911
1911
1911
1911
1911
1911
1911
1910
1910
1910
1910
1910
1910
1909
1909
1909
1908
1907
1907
1907
1907
1907
1906
1906
1906
1905
1905
1905
1905
1905
1904
1903
1903
1902
1902
1902
1902
1902
1902
1902
1901
1901
1901
1901
1901
1901
1900
1900
1900
1900
1899
1899
1899
1899
1898
1898
1898
1898
1898
1898
1898
1897
1897
1897
1896
1896
1896
1896
1896
1896
1895
1895
1895
1895
1895
1895
1894
1894
1894
1893
1893
1892
1892
1892
1892
1892
1892
1891
1891
1891
1891
1891
1891
1890
1890
1890
1890
1890
1890
1890
1890
1889
1889
1889
1889
1889
1889
1888
1888
1888
1888
1888
1888
1887
1887
1887
1886
1886
1886
1886
1885
1885
1885
1884
1884
1884
1884
1884
1884
1883
1883
1883
1883
1883
1883
1882
1882
1882
1882
1882
1881
1881
1881
1881
1881
1880
1880
1880
1879
1879
1879
1879
1879
1878
1878
1878
1878
1878
1878
1878
1877
1876
1876
1876
1876
1876
1876
1876
1875
1875
1875
1875
1875
1875
1875
1875
1875
1874
1874
1874
1874
1874
1874
1873
1873
1873
1873
1872
1871
1871
1871
1871
1871
1871
1870
1870
1870
1870
1870
1870
1869
1869
1869
1869
1868
1868
1868
1868
1868
1868
1867
1867
1867
1867
1867
1866
1866
1866
1865
1865
1865
1865
1865
1865
1864
1864
1864
1864
1863
1863
1863
1862
1862
1862
1862
1862
1862
1861
1861
1861
1861
1860
1860
1860
1860
1860
1860
1860
1859
1859
1859
1859
1858
1858
1858
1858
1858
1858
1858
1858
1857
1857
1857
1857
1856
1856
1855
1855
1855
1855
1855
1854
1854
1854
1854
1854
1854
1854
1854
1853
1853
1853
1853
1853
1852
1852
1852
1851
1851
1851
1851
1851
1850
1850
1850
1850
1850
1850
1850
1849
1849
1848
1848
1848
1848
1847
1847
1847
1847
1847
1847
1847
1846
1846
1846
1846
1846
1845
1845
1845
1845
1844
1844
1844
1844
1844
1844
1843
1843
1843
1843
1843
1842
1842
1842
1842
1842
1842
1842
1841
1841
1841
1840
1840
1839
1839
1838
1838
1838
1838
1838
1837
1836
1836
1835
1835
1835
1835
1835
1834
1834
1833
1833
1833
1833
1833
1833
1832
1832
1832
1832
1832
1832
1831
1831
1831
1830
1830
1829
1829
1829
1829
1829
1828
1828
1828
1828
1828
1828
1827
1827
1827
1827
1827
1827
1827
1827
1827
1827
1827
1826
1826
1826
1825
1825
1825
1824
1824
1824
1824
1824
1824
1824
1823
1823
1823
1823
1823
1823
1822
1822
1821
1821
1821
1821
1821
1821
1820
1820
1820
1820
1820
1819
1818
1818
1818
1818
1818
1818
1818
1817
1816
1816
1816
1816
1816
1816
1815
1815
1815
1814
1814
1814
1814
1813
1813
1812
1812
1812
1812
1812
1812
1811
1811
1811
1811
1810
1810
1810
1810
1810
1810
1809
1809
1809
1809
1809
1809
1809
1809
1808
1808
1808
1808
1808
1808
1807
1807
1807
1807
1807
1807
1806
1806
1806
1806
1806
1806
1806
1805
1805
1805
1805
1805
1805
1804
1804
1804
1804
1803
1803
1803
1803
1803
1802
1801
1801
1801
1801
1801
1800
1800
1800
1800
1800
1800
1799
1799
1799
1799
1799
1799
1798
1798
1798
1797
1797
1796
1796
1796
1796
1796
1796
1795
1795
1795
1795
1795
1795
1794
1794
1794
1794
1793
1793
1793
1793
1793
1793
1793
1793
1792
1792
1792
1791
1791
1791
1791
1790
1790
1790
1790
1789
1789
1789
1789
1789
1789
1789
1788
1788
1788
1788
1788
1788
1788
1787
1787
1787
1787
1786
1786
1786
1785
1784
1784
1784
1784
1784
1783
1783
1783
1783
1783
1783
1782
1782
1781
1781
1781
1781
1781
1781
1781
1780
1780
1780
1780
1780
1780
1780
1780
1780
1780
1779
1779
1779
1779
1779
1778
1778
1778
1778
1778
1777
1777
1777
1776
1776
1776
1775
1775
1775
1775
1774
1774
1774
1774
1773
1773
1773
1773
1772
1772
1772
1772
1772
1771
1771
1771
1771
1771
1770
1770
1770
1770
1770
1769
1769
1768
1768
1768
1768
1768
1768
1767
1767
1767
1766
1766
1766
1765
1765
1765
1765
1764
1764
1764
1764
1763
1763
1763
1763
1763
1762
1762
1761
1761
1761
1761
1761
1761
1761
1760
1760
1760
1760
1759
1759
1759
1759
1759
1758
1758
1758
1758
1758
1758
1758
1757
1756
1756
1756
1756
1756
1756
1756
1755
1755
1755
1754
1754
1754
1754
1754
1754
1754
1753
1753
1753
1752
1752
1752
1751
1751
1750
1749
1749
1748
1748
1748
1748
1748
1748
1747
1747
1747
1746
1746
1746
1745
1745
1745
1745
1745
1745
1744
1744
1744
1744
1743
1743
1742
1742
1742
1742
1741
1741
1741
1741
1741
1740
1740
1740
1740
1740
1740
1739
1739
1739
1739
1739
1738
1738
1738
1738
1738
1738
1737
1737
1737
1737
1737
1737
1737
1736
1736
1736
1736
1736
1736
1735
1735
1734
1734
1734
1733
1733
1733
1733
1732
1732
1732
1731
1731
1730
1730
1730
1729
1729
1729
1729
1729
1728
1728
1728
1728
1728
1728
1727
1727
1727
1727
1727
1727
1726
1726
1726
1726
1726
1725
1725
1724
1724
1724
1724
1724
1723
1723
1723
1722
1722
1722
1722
1722
1722
1722
1722
1722
1721
1720
1720
1720
1720
1719
1719
1719
1719
1719
1719
1718
1718
1718
1718
1718
1718
1718
1718
1718
1717
1717
1717
1717
1717
1717
1716
1716
1716
1716
1715
1715
1714
1714
1714
1714
1713
1713
1713
1713
1713
1712
1712
1712
1712
1712
1711
1711
1711
1711
1711
1710
1710
1710
1710
1710
1710
1709
1709
1709
1709
1709
1709
1709
1708
1708
1708
1708
1707
1707
1707
1707
1707
1706
1706
1706
1706
1706
1706
1705
1705
1705
1705
1705
1705
1704
1704
1704
1704
1704
1703
1703
1703
1703
1702
1702
1702
1701
1701
1701
1701
1701
1701
1701
1700
1700
1700
1700
1700
1700
1700
1699
1699
1699
1699
1698
1698
1698
1698
1697
1697
1697
1696
1696
1696
1696
1695
1695
1695
1695
1695
1695
1695
1694
1694
1694
1694
1694
1693
1693
1693
1693
1692
1692
1691
1691
1691
1691
1691
1691
1690
1690
1690
1689
1689
1689
1689
1689
1689
1689
1689
1689
1688
1687
1687
1686
1686
1686
1685
1685
1685
1685
1684
1684
1684
1684
1684
1684
1684
1684
1684
1684
1683
1683
1683
1683
1683
1683
1683
1683
1682
1682
1682
1682
1682
1681
1681
1681
1680
1680
1680
1680
1680
1680
1679
1679
1679
1679
1679
1679
1679
1679
1678
1678
1678
1678
1678
1678
1677
1677
1677
1676
1676
1675
1675
1675
1674
1674
1674
1674
1674
1673
1673
1673
1673
1673
1672
1672
1672
1672
1672
1672
1671
1671
1671
1671
1671
1671
1671
1671
1670
1670
1670
1670
1670
1669
1669
1669
1669
1669
1669
1669
1668
1668
1668
1668
1668
1667
1667
1667
1667
1666
1666
1666
1666
1665
1665
1665
1665
1664
1664
1664
1664
1664
1664
1664
1663
1663
1663
1662
1662
1662
1662
1662
1662
1662
1662
1661
1661
1660
1660
1660
1660
1660
1659
1659
1659
1659
1658
1658
1658
1658
1658
1658
1658
1658
1658
1657
1657
1657
1657
1657
1657
1657
1656
1656
1655
1655
1655
1655
1654
1654
1654
1654
1654
1654
1654
1653
1653
1653
1652
1652
1652
1652
1652
1652
1652
1652
1652
1652
1652
1651
1651
1651
1650
1650
1650
1650
1650
1650
1650
1650
1649
1649
1649
1648
1648
1648
1648
1647
1647
1647
1647
1646
1646
1646
1646
1646
1646
1646
1645
1645
1645
1645
1645
1644
1644
1644
1644
1644
1643
1643
1643
1642
1641
1641
1641
1640
1640
1640
1640
1640
1639
1638
1638
1638
1638
1638
1637
1637
1637
1637
1637
1636
1636
1636
1636
1635
1635
1634
1634
1634
1634
1634
1634
1633
1633
1633
1633
1633
1632
1632
1632
1632
1632
1632
1632
1632
1631
1631
1631
1631
1631
1631
1631
1630
1630
1630
1630
1630
1630
1630
1629
1629
1629
1629
1629
1629
1629
1628
1628
1628
1628
1628
1628
1627
1627
1627
1627
1627
1627
1626
1626
1626
1626
1625
1625
1625
1624
1624
1624
1624
1623
1623
1622
1622
1622
1622
1622
1621
1621
1620
1620
1620
1620
1619
1619
1619
1619
1619
1619
1619
1618
1618
1618
1618
1618
1618
1617
1617
1617
1617
1617
1616
1616
1616
1616
1616
1616
1615
1615
1615
1615
1614
1613
1613
1613
1613
1613
1613
1612
1612
1612
1612
1612
1612
1612
1611
1611
1611
1611
1611
1611
1610
1610
1610
1610
1610
1610
1609
1609
1609
1609
1609
1608
1608
1608
1608
1608
1608
1607
1607
1607
1607
1607
1606
1606
1606
1606
1605
1605
1605
1605
1604
1604
1603
1603
1602
1602
1601
1601
1601
1601
1601
1601
1600
1600
1600
1600
1600
1600
1599
1599
1599
1599
1599
1598
1598
1598
1598
1598
1597
1597
1597
1597
1597
1596
1596
1596
1596
1596
1595
1595
1595
1595
1595
1594
1594
1594
1594
1594
1594
1594
1594
1593
1593
1592
1592
1592
1591
1591
1591
1591
1591
1590
1590
1590
1590
1589
1589
1589
1589
1589
1589
1588
1588
1588
1588
1588
1588
1587
1587
1587
1587
1587
1586
1586
1586
1585
1585
1585
1584
1584
1584
1584
1584
1583
1583
1583
1583
1583
1583
1583
1582
1582
1582
1581
1581
1581
1580
1580
1580
1580
1580
1579
1579
1579
1579
1579
1579
1578
1578
1578
1577
1577
1577
1577
1577
1577
1577
1577
1576
1576
1576
1575
1575
1575
1574
1574
1574
1574
1573
1573
1573
1573
1572
1572
1572
1572
1572
1571
1571
1571
1571
1570
1570
1570
1570
1569
1569
1569
1569
1569
1569
1569
1569
1569
1568
1568
1568
1568
1568
1568
1568
1568
1567
1567
1567
1567
1567
1567
1567
1567
1567
1567
1567
1566
1566
1566
1565
1565
1564
1564
1564
1564
1564
1563
1563
1563
1563
1563
1563
1563
1563
1562
1562
1562
1562
1562
1561
1561
1561
1561
1560
1560
1560
1560
1560
1558
1558
1558
1558
1558
1557
1557
1557
1557
1557
1557
1557
1557
1556
1556
1556
1556
1555
1555
1555
1555
1555
1555
1555
1555
1554
1554
1554
1554
1554
1554
1554
1553
1553
1553
1553
1553
1552
1552
1552
1552
1552
1552
1552
1552
1552
1552
1551
1551
1550
1550
1550
1550
1550
1549
1549
1548
1548
1548
1548
1548
1548
1547
1547
1547
1547
1547
1546
1546
1546
1545
1545
1545
1544
1544
1543
1543
1543
1543
1543
1542
1542
1541
1541
1541
1540
1540
1540
1540
1539
1539
1538
1538
1538
1538
1538
1538
1537
1537
1537
1537
1537
1536
1536
1536
1536
1536
1535
1535
1535
1535
1534
1534
1534
1534
1533
1533
1533
1533
1533
1532
1532
1532
1532
1532
1532
1532
1532
1532
1531
1531
1531
1531
1530
1530
1530
1529
1529
1529
1529
1529
1528
1528
1528
1528
1527
1527
1527
1527
1527
1526
1526
1525
1525
1525
1525
1524
1524
1524
1524
1524
1524
1524
1524
1522
1522
1522
1521
1521
1520
1520
1520
1520
1520
1519
1519
1519
1519
1519
1519
1519
1518
1518
1517
1516
1516
1516
1516
1516
1515
1515
1515
1515
1515
1514
1514
1514
1514
1514
1514
1513
1513
1513
1513
1513
1513
1513
1513
1513
1512
1512
1512
1512
1512
1511
1511
1511
1510
1510
1509
1509
1509
1509
1509
1508
1508
1508
1507
1507
1507
1507
1506
1506
1506
1506
1506
1505
1504
1504
1504
1503
1503
1503
1502
1502
1502
1502
1502
1502
1501
1501
1501
1501
1500
1500
1500
1499
1499
1499
1499
1499
1499
1499
1499
1498
1498
1498
1498
1498
1498
1498
1497
1497
1497
1497
1497
1497
1496
1496
1496
1496
1496
1496
1495
1495
1495
1494
1494
1494
1494
1494
1494
1494
1493
1493
1492
1492
1491
1491
1491
1491
1491
1491
1490
1490
1490
1490
1489
1488
1488
1488
1488
1488
1488
1488
1488
1488
1487
1487
1487
1487
1487
1486
1486
1486
1485
1485
1485
1485
1484
1484
1484
1483
1483
1483
1483
1483
1483
1482
1482
1482
1482
1481
1481
1481
1481
1480
1480
1480
1480
1480
1479
1479
1479
1479
1478
1478
1478
1478
1478
1478
1478
1477
1477
1477
1477
1477
1477
1477
1477
1476
1476
1476
1476
1476
1475
1475
1475
1475
1475
1474
1474
1474
1473
1473
1473
1473
1473
1473
1473
1473
1472
1472
1471
1470
1470
1470
1470
1470
1469
1469
1469
1469
1469
1469
1468
1468
1468
1468
1468
1468
1468
1467
1467
1467
1467
1467
1467
1466
1466
1466
1465
1465
1465
1465
1465
1465
1465
1465
1465
1464
1463
1463
1463
1463
1462
1462
1462
1462
1461
1461
1461
1461
1461
1460
1460
1460
1460
1459
1459
1459
1459
1459
1458
1458
1458
1458
1458
1457
1457
1457
1457
1457
1457
1457
1457
1457
1456
1456
1456
1455
1454
1454
1454
1453
1453
1453
1453
1453
1453
1453
1453
1452
1452
1452
1451
1451
1450
1450
1450
1450
1450
1450
1450
1450
1450
1450
1449
1449
1449
1449
1448
1448
1446
1446
1446
1445
1445
1445
1444
1444
1444
1444
1444
1444
1444
1443
1443
1442
1442
1442
1442
1441
1441
1441
1441
1441
1441
1441
1441
1440
1440
1440
1440
1440
1439
1439
1439
1439
1439
1438
1438
1438
1438
1438
1437
1437
1437
1437
1437
1436
1436
1435
1435
1435
1435
1434
1434
1434
1434
1434
1433
1433
1432
1432
1432
1432
1432
1432
1432
1431
1431
1430
1430
1430
1430
1430
1430
1430
1429
1429
1429
1428
1428
1427
1427
1427
1426
1426
1426
1426
1425
1425
1425
1425
1425
1424
1424
1423
1423
1423
1423
1423
1423
1422
1422
1422
1422
1422
1421
1421
1421
1421
1421
1421
1421
1421
1421
1420
1420
1420
1420
1420
1420
1420
1419
1419
1419
1419
1419
1418
1418
1418
1418
1418
1417
1417
1417
1417
1417
1417
1416
1416
1416
1416
1416
1415
1415
1415
1415
1415
1414
1414
1414
1414
1413
1413
1413
1413
1413
1412
1412
1412
1412
1411
1411
1411
1411
1411
1411
1411
1410
1410
1410
1410
1409
1409
1409
1409
1409
1408
1408
1408
1408
1408
1408
1408
1407
1407
1407
1407
1407
1407
1407
1407
1407
1406
1406
1406
1406
1405
1405
1404
1404
1404
1404
1404
1404
1403
1403
1403
1403
1402
1402
1402
1402
1402
1401
1401
1401
1401
1401
1400
1400
1400
1400
1399
1399
1399
1399
1399
1398
1398
1398
1398
1398
1398
1398
1397
1397
1397
1397
1397
1396
1396
1396
1396
1395
1395
1395
1395
1394
1394
1394
1394
1393
1393
1392
1392
1392
1391
1391
1391
1391
1391
1390
1390
1389
1389
1389
1389
1388
1388
1388
1388
1388
1388
1388
1387
1387
1387
1386
1386
1386
1385
1385
1385
1385
1385
1384
1384
1383
1382
1382
1382
1382
1382
1382
1381
1381
1381
1381
1381
1380
1380
1380
1380
1380
1379
1379
1379
1379
1379
1379
1378
1378
1377
1377
1377
1376
1376
1376
1376
1375
1375
1375
1375
1375
1375
1374
1374
1374
1374
1374
1374
1374
1373
1373
1373
1373
1373
1373
1372
1372
1372
1371
1371
1370
1370
1370
1370
1370
1370
1369
1368
1367
1367
1367
1367
1366
1366
1366
1365
1365
1365
1365
1365
1365
1365
1365
1364
1364
1364
1364
1363
1363
1363
1363
1362
1362
1362
1362
1362
1362
1362
1362
1361
1360
1360
1360
1359
1359
1359
1359
1359
1358
1358
1357
1357
1357
1357
1356
1356
1356
1356
1355
1355
1355
1355
1354
1354
1354
1354
1354
1354
1354
1354
1353
1353
1353
1353
1353
1353
1352
1352
1351
1351
1351
1351
1351
1350
1350
1350
1350
1350
1350
1350
1349
1349
1349
1349
1349
1348
1348
1348
1348
1348
1348
1348
1347
1347
1347
1347
1347
1347
1347
1347
1347
1346
1346
1345
1345
1345
1344
1344
1344
1344
1344
1344
1344
1343
1343
1343
1343
1343
1343
1343
1343
1342
1342
1342
1341
1341
1340
1340
1340
1340
1340
1340
1340
1340
1339
1339
1339
1338
1338
1338
1338
1338
1337
1337
1336
1336
1336
1336
1336
1336
1335
1335
1335
1335
1335
1334
1334
1334
1334
1333
1333
1333
1333
1333
1333
1333
1332
1332
1332
1331
1331
1330
1329
1329
1329
1329
1328
1328
1328
1328
1327
1327
1326
1326
1326
1326
1325
1325
1325
1324
1324
1324
1324
1323
1323
1323
1323
1323
1322
1322
1322
1322
1322
1322
1322
1322
1322
1321
1321
1321
1320
1320
1320
1320
1320
1319
1319
1319
1319
1318
1318
1318
1317
1317
1317
1317
1317
1317
1317
1317
1316
1316
1316
1316
1315
1315
1315
1315
1315
1315
1315
1314
1314
1314
1314
1314
1313
1313
1312
1312
1312
1312
1312
1312
1311
1311
1311
1311
1310
1310
1310
1310
1310
1309
1309
1308
1308
1308
1307
1307
1307
1307
1307
1307
1306
1306
1306
1306
1306
1306
1306
1304
1304
1304
1303
1303
1303
1303
1303
1303
1303
1302
1302
1302
1302
1301
1301
1301
1301
1301
1301
1300
1299
1299
1299
1299
1299
1299
1299
1299
1299
1298
1298
1298
1298
1297
1297
1297
1297
1297
1297
1296
1296
1296
1296
1296
1295
1295
1295
1295
1294
1294
1294
1293
1293
1293
1293
1293
1293
1292
1292
1292
1292
1291
1291
1291
1291
1290
1290
1290
1290
1290
1290
1289
1289
1289
1289
1289
1289
1289
1289
1288
1288
1288
1288
1288
1288
1288
1287
1287
1287
1287
1287
1286
1286
1286
1286
1286
1285
1285
1285
1284
1283
1283
1283
1283
1283
1283
1283
1283
1282
1281
1281
1281
1281
1280
1280
1280
1279
1279
1279
1279
1279
1279
1278
1278
1278
1278
1278
1277
1277
1277
1277
1277
1277
1277
1276
1275
1274
1274
1274
1274
1274
1274
1274
1274
1274
1273
1273
1273
1273
1273
1272
1271
1271
1271
1270
1270
1269
1269
1269
1269
1269
1269
1269
1269
1269
1269
1268
1268
1268
1268
1268
1267
1267
1267
1266
1266
1266
1266
1265
1265
1265
1265
1264
1264
1264
1264
1264
1263
1263
1263
1263
1263
1262
1262
1262
1262
1262
1262
1262
1262
1261
1261
1260
1260
1260
1260
1260
1260
1260
1260
1260
1259
1259
1259
1259
1259
1259
1259
1258
1258
1258
1258
1258
1258
1257
1257
1256
1256
1256
1255
1255
1255
1255
1254
1254
1254
1254
1253
1253
1253
1253
1253
1253
1253
1252
1252
1252
1252
1252
1251
1251
1250
1250
1250
1250
1250
1250
1249
1249
1249
1249
1248
1248
1248
1248
1248
1248
1248
1248
1247
1246
1246
1246
1246
1246
1245
1245
1245
1245
1245
1245
1244
1244
1244
1244
1244
1243
1243
1243
1243
1243
1242
1242
1242
1242
1242
1242
1242
1242
1241
1241
1241
1241
1241
1241
1240
1240
1240
1240
1239
1239
1239
1239
1238
1238
1238
1238
1237
1237
1237
1237
1236
1236
1236
1236
1235
1235
1235
1235
1235
1234
1234
1234
1234
1234
1233
1233
1233
1232
1232
1232
1232
1232
1232
1231
1231
1231
1231
1231
1230
1230
1230
1230
1230
1230
1229
1229
1229
1229
1229
1229
1228
1228
1228
1228
1228
1227
1227
1226
1226
1226
1225
1225
1225
1225
1224
1223
1223
1223
1223
1223
1223
1223
1223
1223
1222
1222
1222
1221
1221
1221
1221
1221
1221
1220
1220
1220
1220
1219
1219
1219
1219
1219
1219
1218
1218
1218
1217
1217
1216
1216
1216
1216
1216
1215
1215
1215
1215
1215
1215
1215
1214
1214
1214
1214
1214
1213
1213
1213
1213
1213
1213
1213
1212
1211
1211
1211
1211
1211
1210
1210
1210
1209
1209
1209
1208
1208
1208
1208
1208
1207
1207
1207
1207
1207
1207
1207
1207
1206
1206
1206
1206
1206
1205
1205
1205
1205
1205
1204
1204
1204
1204
1203
1203
1203
1202
1202
1202
1202
1202
1202
1202
1202
1201
1201
1201
1201
1201
1201
1200
1200
1200
1200
1200
1200
1199
1199
1199
1199
1199
1198
1198
1198
1198
1198
1198
1198
1198
1197
1197
1197
1197
1197
1196
1196
1196
1195
1194
1194
1193
1193
1193
1193
1193
1192
1192
1192
1192
1192
1192
1192
1192
1192
1191
1191
1191
1191
1191
1190
1190
1190
1190
1190
1190
1190
1190
1190
1190
1189
1189
1189
1189
1189
1189
1188
1188
1187
1187
1187
1186
1186
1186
1186
1186
1186
1185
1185
1185
1185
1184
1184
1184
1184
1184
1184
1183
1183
1183
1183
1182
1182
1182
1182
1181
1181
1181
1181
1181
1180
1180
1180
1180
1180
1180
1179
1179
1179
1178
1178
1178
1178
1178
1178
1177
1177
1177
1177
1176
1176
1176
1176
1176
1176
1176
1176
1175
1175
1175
1175
1174
1174
1174
1174
1173
1173
1173
1173
1173
1173
1173
1172
1172
1172
1172
1172
1171
1171
1171
1171
1171
1171
1170
1170
1170
1170
1169
1169
1169
1169
1169
1169
1169
1169
1168
1168
1167
1167
1167
1167
1167
1166
1166
1166
1166
1166
1166
1165
1165
1164
1164
1164
1164
1164
1163
1163
1162
1162
1162
1162
1161
1161
1161
1161
1161
1161
1160
1160
1160
1160
1160
1160
1160
1159
1159
1159
1158
1158
1158
1158
1158
1157
1156
1156
1156
1156
1156
1156
1156
1155
1155
1155
1155
1155
1154
1154
1154
1154
1154
1154
1154
1154
1153
1153
1153
1153
1153
1153
1153
1153
1153
1153
1153
1153
1152
1152
1152
1151
1151
1151
1151
1151
1151
1151
1151
1150
1150
1150
1150
1150
1150
1150
1150
1150
1150
1149
1149
1149
1149
1149
1148
1148
1148
1147
1147
1147
1147
1147
1146
1146
1146
1146
1145
1145
1145
1144
1144
1144
1144
1143
1143
1142
1142
1142
1142
1141
1141
1140
1140
1140
1140
1140
1140
1139
1139
1139
1138
1137
1137
1137
1136
1136
1136
1136
1136
1136
1136
1136
1136
1135
1135
1135
1135
1135
1135
1134
1134
1134
1134
1134
1134
1134
1134
1133
1133
1133
1133
1132
1132
1132
1131
1131
1131
1131
1130
1130
1130
1130
1130
1130
1130
1129
1129
1128
1128
1128
1127
1126
1126
1126
1126
1126
1125
1125
1125
1125
1124
1124
1124
1124
1124
1123
1123
1122
1122
1122
1121
1121
1121
1120
1120
1120
1120
1120
1119
1119
1119
1119
1119
1118
1118
1118
1117
1117
1117
1117
1117
1116
1116
1116
1116
1115
1115
1115
1114
1113
1112
1112
1112
1112
1111
1111
1111
1111
1111
1111
1111
1111
1111
1110
1110
1109
1109
1109
1109
1108
1108
1108
1108
1108
1107
1107
1107
1107
1106
1106
1106
1106
1106
1106
1105
1105
1105
1104
1104
1104
1104
1104
1103
1103
1103
1102
1102
1102
1102
1102
1102
1102
1102
1101
1101
1101
1101
1100
1100
1099
1099
1099
1099
1098
1097
1096
1096
1096
1096
1096
1095
1095
1095
1095
1095
1095
1094
1094
1094
1094
1093
1093
1093
1093
1093
1093
1093
1092
1091
1091
1090
1090
1090
1090
1090
1088
1088
1088
1088
1087
1087
1087
1086
1086
1086
1086
1086
1085
1085
1085
1085
1084
1084
1084
1084
1084
1084
1083
1083
1083
1083
1083
1083
1083
1082
1082
1082
1082
1081
1081
1081
1081
1080
1080
1080
1080
1079
1079
1079
1079
1079
1078
1078
1077
1077
1077
1076
1076
1076
1076
1076
1076
1075
1075
1075
1075
1074
1074
1073
1073
1073
1073
1073
1073
1073
1073
1072
1072
1072
1072
1072
1071
1070
1070
1070
1070
1070
1070
1070
1069
1069
1069
1068
1068
1068
1068
1068
1067
1067
1067
1067
1067
1067
1066
1066
1065
1065
1065
1065
1064
1064
1064
1064
1064
1063
1063
1063
1063
1063
1062
1062
1062
1062
1062
1062
1061
1061
1061
1060
1060
1060
1059
1059
1059
1059
1059
1058
1058
1058
1058
1058
1058
1058
1058
1057
1057
1057
1057
1056
1056
1056
1056
1055
1055
1055
1055
1055
1055
1054
1054
1054
1053
1053
1053
1052
1052
1052
1052
1052
1051
1051
1051
1051
1050
1050
1050
1050
1050
1050
1050
1050
1050
1049
1049
1049
1049
1048
1048
1048
1047
1047
1047
1047
1047
1047
1046
1046
1046
1046
1045
1045
1045
1045
1044
1044
1044
1044
1044
1043
1043
1043
1043
1043
1043
1043
1043
1042
1042
1042
1041
1041
1041
1041
1041
1041
1040
1040
1040
1040
1039
1039
1039
1039
1039
1038
1038
1038
1038
1038
1037
1037
1037
1037
1036
1036
1036
1036
1036
1035
1035
1035
1035
1035
1035
1035
1035
1035
1034
1034
1034
1033
1033
1033
1033
1033
1033
1032
1032
1032
1032
1032
1031
1031
1031
1031
1031
1030
1030
1030
1030
1030
1029
1029
1029
1029
1028
1028
1028
1028
1028
1028
1027
1027
1027
1027
1026
1026
1025
1025
1025
1025
1025
1025
1024
1024
1024
1024
1024
1023
1023
1022
1022
1022
1022
1022
1022
1022
1022
1021
1021
1021
1020
1020
1020
1020
1020
1020
1020
1020
1020
1020
1019
1019
1019
1018
1018
1018
1018
1017
1017
1017
1017
1017
1017
1017
1017
1017
1016
1016
1016
1016
1016
1016
1015
1015
1015
1014
1014
1013
1013
1013
1013
1013
1013
1012
1012
1012
1012
1012
1012
1012
1011
1011
1011
1010
1010
1010
1010
1009
1009
1009
1009
1009
1008
1008
1008
1008
1008
1008
1008
1007
1007
1007
1007
1006
1006
1006
1006
1006
1006
1006
1005
1005
1005
1005
1005
1004
1004
1003
1003
1003
1003
1002
1001
1001
1001
1001
1000
1000
1000
999
999
999
999
999
999
999
999
999
999
998
998
998
997
997
997
997
997
997
996
996
996
996
996
995
995
995
995
995
994
994
994
994
994
994
994
994
993
993
993
993
992
992
992
991
991
991
991
991
991
990
990
990
990
990
990
989
989
989
989
989
988
988
988
988
988
988
987
987
987
986
986
986
986
986
985
985
985
985
985
985
984
984
984
984
984
984
983
983
983
983
982
982
982
982
982
982
981
981
981
981
981
980
980
980
979
979
979
979
979
979
978
978
978
978
978
978
978
978
978
977
977
977
976
976
976
976
976
976
976
976
976
975
975
975
975
975
975
975
974
974
974
973
973
973
973
972
972
972
971
971
971
971
971
970
969
969
969
969
968
968
968
968
967
967
967
967
966
966
966
966
966
965
965
965
964
964
964
964
964
964
964
963
963
963
963
962
962
962
962
962
962
961
961
961
961
961
961
960
960
960
960
960
960
960
959
959
959
958
958
958
957
957
957
957
956
956
956
956
954
954
954
954
954
954
954
953
953
952
952
952
952
952
951
951
951
951
951
950
950
950
950
949
949
949
949
949
949
949
949
948
948
948
948
947
947
947
947
947
946
946
946
946
945
945
945
944
944
944
944
944
944
944
943
943
943
943
943
943
943
942
941
941
941
941
941
941
940
940
939
939
939
939
939
939
938
938
938
938
938
937
937
937
937
937
937
936
936
936
936
936
936
936
936
935
935
935
934
934
934
934
933
933
933
933
933
932
932
931
931
931
930
930
930
930
929
929
928
928
928
928
928
928
927
927
927
927
927
927
926
926
926
926
925
925
925
925
924
924
924
924
924
923
922
922
922
922
921
921
921
920
920
920
920
920
919
919
919
919
918
918
918
917
916
916
916
915
915
915
915
915
915
914
914
914
914
914
913
913
912
912
912
912
911
911
911
911
911
911
911
910
910
910
910
910
909
909
909
909
909
909
909
909
908
908
908
908
908
908
908
907
907
907
906
905
905
905
905
904
904
904
904
904
903
903
903
903
903
903
902
902
902
901
901
901
901
901
900
900
900
900
900
900
899
899
899
898
898
898
898
898
897
897
897
897
897
897
897
896
896
896
895
895
895
895
895
894
894
894
894
893
893
893
893
893
893
893
892
891
891
891
889
889
889
889
889
889
888
888
888
888
888
888
887
887
887
887
887
887
886
886
886
885
885
885
885
885
885
884
884
884
884
884
884
884
884
883
883
883
883
883
883
882
882
882
882
882
882
882
882
882
881
881
881
881
881
880
880
879
879
879
878
878
878
878
877
877
877
877
877
877
877
877
876
876
876
876
874
874
874
874
873
872
872
872
871
871
871
871
871
870
870
870
870
870
870
870
869
869
869
868
868
868
867
867
867
867
867
867
866
866
866
866
866
865
865
864
864
864
864
863
862
862
862
862
862
862
861
861
861
861
861
861
860
860
860
860
860
860
860
860
859
859
859
859
859
859
858
858
857
857
857
857
856
856
856
855
855
855
854
854
854
854
854
854
854
853
853
853
853
852
851
851
851
850
850
850
850
850
850
850
849
849
849
848
848
848
848
848
848
848
847
847
847
847
847
847
846
846
846
846
846
845
845
845
844
844
844
844
844
844
843
843
843
843
843
842
842
842
842
842
841
841
841
840
839
839
839
839
839
838
838
838
838
838
838
838
837
837
837
837
837
837
836
836
836
836
835
835
835
834
834
834
833
833
833
833
832
832
832
832
831
831
831
831
831
830
830
830
830
830
830
829
829
829
829
829
829
828
828
827
827
827
826
826
826
826
825
825
825
825
824
823
823
823
823
822
822
822
822
822
822
821
821
821
821
820
820
820
820
820
820
820
819
819
819
819
819
819
818
818
818
818
818
818
818
818
818
818
817
817
817
817
817
816
816
816
816
815
815
814
814
814
814
814
813
813
813
812
811
811
810
809
809
809
809
808
808
808
808
808
808
808
807
807
807
807
807
806
806
806
805
805
805
805
804
804
804
804
804
804
803
803
803
802
802
801
801
801
801
801
801
800
800
800
799
799
799
799
799
798
798
798
797
797
797
796
796
796
796
796
796
796
795
795
795
795
794
794
794
793
793
793
792
792
792
792
791
791
791
791
791
790
790
790
790
790
790
789
789
789
789
789
789
789
789
789
788
788
788
788
788
788
787
787
787
787
787
786
786
786
786
785
785
785
785
785
785
785
784
784
784
784
784
784
784
783
783
782
782
782
782
782
782
782
782
781
781
781
781
781
781
780
780
780
780
779
779
778
778
778
778
778
777
777
777
777
777
777
777
776
776
776
776
776
775
775
775
775
775
775
775
775
775
774
774
774
774
774
774
774
773
773
773
773
773
773
772
772
772
771
771
771
771
771
770
770
770
770
770
769
769
768
768
768
768
768
767
767
767
767
766
766
766
766
766
766
765
765
765
764
764
764
764
763
763
763
763
763
763
763
762
762
762
762
761
761
760
760
759
759
759
758
758
758
758
758
758
757
757
757
756
756
756
756
756
756
756
756
755
755
755
754
754
754
754
754
754
754
754
754
754
754
754
754
754
754
754
753
753
753
753
752
752
752
752
751
751
751
750
750
750
750
749
748
748
747
747
747
747
747
746
746
746
745
744
744
744
743
743
743
743
742
742
742
742
741
741
741
740
740
740
739
739
739
739
739
739
738
738
738
738
738
737
737
737
737
737
736
736
736
736
736
735
735
735
735
734
734
733
733
733
733
732
732
732
732
732
731
731
731
731
731
730
730
730
730
729
729
729
729
729
728
728
728
728
727
727
727
727
727
727
727
726
726
726
726
725
725
725
725
725
724
724
724
724
724
723
723
722
722
722
722
722
722
722
722
722
721
721
720
720
720
720
720
719
719
719
719
719
719
719
718
718
718
718
718
718
718
717
717
717
716
716
715
715
715
714
714
714
714
714
713
713
713
713
713
712
712
711
711
711
710
709
709
709
709
709
709
709
708
708
707
707
707
707
707
706
706
706
705
705
705
705
705
704
704
704
704
704
703
703
703
703
702
702
701
701
701
701
701
701
700
700
700
700
699
699
699
699
699
699
699
698
698
698
698
697
697
697
697
697
697
697
697
696
696
696
696
696
696
695
695
695
695
695
694
694
694
694
693
692
692
692
692
691
691
691
691
691
690
690
690
690
689
689
689
689
689
688
688
687
687
687
687
687
686
686
686
686
686
685
685
685
685
685
685
684
684
683
683
682
682
682
682
681
681
681
681
681
681
680
680
680
680
680
679
679
679
679
679
679
679
678
677
677
677
677
676
676
676
675
675
675
675
674
674
674
674
674
674
673
673
673
673
672
672
672
672
671
671
671
670
670
670
669
669
669
669
668
668
668
668
668
667
667
667
667
667
667
666
666
666
666
666
665
665
665
664
664
664
663
663
663
663
663
662
662
661
661
661
661
661
661
660
660
660
660
660
659
659
658
658
658
658
658
657
657
657
657
657
656
656
656
656
656
655
655
655
655
655
654
654
654
654
653
653
653
652
652
652
652
651
651
651
651
650
650
649
649
649
649
649
648
648
648
648
648
647
647
647
647
646
646
646
646
646
646
645
645
645
645
645
644
644
644
644
644
643
643
643
643
643
643
643
643
642
642
642
641
641
640
640
640
640
640
639
639
639
639
639
638
638
638
638
637
636
636
636
636
635
635
635
635
635
633
633
633
632
632
632
631
631
631
631
631
631
630
630
630
630
630
630
630
629
629
629
628
628
628
628
627
627
626
626
626
625
625
625
625
625
624
624
624
624
624
623
623
623
623
623
622
622
622
622
621
621
621
621
621
620
620
620
620
620
619
619
619
619
619
619
619
618
618
618
617
617
617
617
617
616
616
616
616
616
616
615
615
615
615
615
615
615
614
614
614
613
613
613
613
613
613
612
611
611
610
610
610
609
608
608
608
608
608
607
607
606
606
606
606
606
605
605
604
604
604
604
604
603
603
603
603
602
602
602
602
602
601
601
601
601
601
601
601
601
600
600
600
600
600
599
599
599
599
598
598
598
598
598
597
597
597
596
596
596
595
595
595
595
594
594
594
594
594
593
591
591
591
591
591
591
591
591
590
590
590
590
590
589
589
589
588
588
588
588
588
588
588
587
587
586
586
586
586
586
586
586
585
585
585
585
585
585
583
583
583
582
582
582
582
582
581
580
580
580
578
578
578
578
578
578
578
577
577
577
577
577
577
576
576
575
575
575
575
574
574
574
573
573
573
573
572
572
572
572
571
571
571
571
571
569
569
569
569
568
567
567
567
566
566
566
566
566
566
565
565
564
564
564
564
564
564
564
564
563
563
563
563
562
562
562
562
561
561
561
561
560
560
560
560
560
559
559
559
559
559
559
558
558
557
557
557
556
556
556
555
555
555
555
554
554
554
554
554
553
553
552
552
552
552
552
552
552
552
552
551
551
551
551
551
550
550
550
550
550
550
550
549
549
549
549
549
549
549
548
548
548
547
547
547
547
547
546
546
546
546
545
545
545
545
543
543
543
543
542
542
542
542
542
541
541
541
541
541
540
540
540
540
539
539
539
538
538
538
538
538
537
536
536
536
536
536
535
535
535
535
535
535
535
534
534
534
534
533
533
533
532
532
532
532
531
531
531
531
531
530
530
530
530
530
529
529
529
529
529
529
529
528
528
528
527
527
527
527
527
527
526
526
526
526
526
526
525
525
524
524
524
523
523
523
523
522
522
522
522
522
522
521
521
520
520
520
519
519
518
518
518
517
517
517
516
516
516
516
516
515
515
515
515
515
515
515
514
514
514
514
514
513
513
513
512
512
512
511
511
511
511
510
510
510
510
509
509
509
509
508
508
508
507
507
507
507
507
507
506
506
506
505
505
505
505
505
505
504
504
504
504
504
503
503
503
503
503
503
503
503
502
502
502
502
502
502
501
501
501
501
500
500
500
500
499
499
499
499
499
499
498
498
498
498
498
498
498
498
497
497
497
497
496
496
496
495
495
495
495
495
494
493
493
493
493
493
493
493
492
491
491
491
491
491
491
491
490
490
490
490
489
489
489
489
488
487
487
487
487
487
487
486
485
485
485
485
485
485
484
484
484
484
484
483
483
483
483
482
482
482
482
481
481
481
480
480
480
480
480
480
480
479
479
479
478
478
478
478
478
477
477
477
477
476
476
476
476
476
475
474
474
474
474
474
474
474
473
473
473
473
473
472
472
471
471
471
471
470
470
470
470
470
470
470
469
469
469
469
469
468
468
468
468
468
467
467
467
467
467
466
466
466
466
466
465
465
464
464
464
464
464
464
464
463
463
462
462
462
461
461
460
460
460
460
460
459
459
458
458
458
457
457
457
457
457
457
456
456
456
456
456
455
455
455
454
454
453
453
453
453
453
453
452
452
452
451
451
451
451
451
451
450
450
450
450
450
450
450
449
449
449
449
449
449
448
447
447
447
447
446
446
446
445
445
445
444
444
444
444
444
443
443
443
443
443
442
441
441
441
441
440
440
440
440
440
440
439
439
439
439
438
438
438
438
438
438
438
438
438
438
438
437
437
437
437
437
437
437
436
436
436
436
436
436
435
435
435
435
435
435
435
434
434
434
434
434
434
434
434
433
433
433
433
432
432
432
432
431
431
431
431
431
431
431
430
430
430
430
429
429
429
429
428
428
428
428
428
428
428
428
427
427
427
427
427
426
426
426
426
426
426
425
425
425
425
425
424
424
424
424
423
423
423
423
422
422
422
422
422
422
421
421
421
421
420
420
420
419
419
419
419
419
418
418
418
418
418
417
417
417
417
417
417
417
416
415
415
415
415
415
415
414
414
413
413
413
413
413
413
412
412
412
412
412
412
412
412
411
411
410
410
410
409
409
409
409
409
409
409
409
408
408
408
407
407
407
407
406
406
406
405
405
405
405
405
405
405
404
404
404
404
404
404
404
404
403
403
403
403
403
403
403
403
402
402
402
402
402
401
401
401
401
401
400
400
400
400
400
399
398
398
398
398
397
397
397
397
397
396
396
396
395
395
395
395
395
394
394
394
394
393
393
393
393
393
393
393
393
392
392
392
392
391
391
390
390
390
390
390
389
389
389
389
389
389
388
388
388
388
387
387
387
387
387
386
385
385
384
384
384
384
384
384
384
383
383
383
383
382
382
382
382
381
381
381
381
381
380
380
379
379
379
379
379
378
378
378
378
378
377
377
377
377
376
376
376
376
376
376
375
375
375
375
375
374
374
374
373
373
373
373
373
373
373
373
372
372
372
372
372
371
371
371
370
370
370
369
369
369
369
369
369
369
368
368
368
368
368
367
367
367
366
366
366
366
365
365
365
365
365
365
365
365
365
364
363
363
363
363
361
361
361
361
360
360
359
359
358
358
358
358
358
358
358
358
358
358
357
356
356
356
356
356
356
356
356
356
356
355
355
355
355
355
354
354
353
353
353
353
353
352
352
352
352
352
352
351
351
351
351
351
350
350
350
350
350
350
350
350
350
349
349
349
349
349
349
349
349
348
348
348
348
347
347
347
347
347
346
346
346
345
345
345
345
345
345
344
344
343
343
342
342
342
342
342
342
341
341
341
341
341
341
340
340
340
340
339
339
339
339
339
339
339
338
338
337
337
337
337
336
336
336
336
335
335
334
334
334
334
333
333
333
333
333
332
332
332
332
332
331
331
331
331
331
331
331
331
330
330
330
330
329
329
328
328
328
327
327
327
327
326
326
326
325
325
324
324
324
324
324
324
324
323
323
322
322
322
322
321
321
320
320
319
319
318
318
318
318
318
318
318
317
317
317
317
316
316
316
316
315
315
315
315
315
315
314
314
314
313
313
313
313
313
312
312
312
312
312
311
311
311
311
311
311
309
309
309
309
308
308
308
308
308
308
308
308
307
307
307
307
307
307
306
306
306
305
305
305
304
304
304
304
304
304
303
303
303
303
303
303
303
303
302
302
302
302
302
302
302
301
301
301
301
300
300
300
300
300
299
298
298
298
297
297
297
297
296
296
296
295
295
295
295
295
294
294
294
294
293
293
293
293
293
292
291
291
290
290
290
290
289
289
289
289
288
288
288
288
288
287
287
287
287
287
287
286
286
286
286
285
285
285
285
285
285
285
285
285
285
284
284
284
284
284
284
284
284
284
284
283
283
283
283
283
282
282
282
281
281
281
281
281
281
280
280
280
280
280
280
280
279
279
279
279
279
278
277
277
277
277
277
277
276
276
276
276
275
275
275
275
275
275
275
274
274
274
273
273
273
273
273
273
273
273
272
272
272
272
272
272
271
271
271
271
271
270
270
270
269
269
269
269
269
268
268
268
268
268
268
268
267
267
267
267
267
267
267
266
266
266
266
266
265
265
264
264
263
263
263
263
263
263
262
262
262
262
262
261
261
260
260
260
259
259
259
259
258
258
258
258
258
258
257
257
257
257
257
256
256
256
255
255
255
254
254
254
253
253
253
253
253
253
253
253
252
252
252
252
252
252
252
252
251
251
251
251
251
251
250
250
250
250
250
250
249
249
249
248
248
248
248
248
248
248
248
247
247
247
247
247
247
247
246
246
246
246
245
245
245
245
244
243
243
242
242
241
241
241
241
240
240
240
240
240
240
240
239
239
239
239
238
238
237
237
237
237
236
236
236
235
235
235
235
235
234
234
234
234
233
233
233
232
232
231
231
230
230
230
230
229
229
229
228
228
227
227
227
227
227
227
227
227
227
226
226
226
226
225
225
225
224
224
224
224
224
224
223
223
222
222
222
221
221
221
220
220
220
220
219
219
219
219
219
219
219
219
218
218
218
218
218
218
218
217
217
217
217
217
217
217
216
216
216
216
216
216
216
215
215
214
214
213
213
213
213
213
213
213
212
212
212
212
212
211
211
210
210
210
210
210
210
210
210
210
209
209
209
208
208
207
207
207
207
207
207
206
206
206
206
205
205
204
204
204
204
204
204
204
204
204
204
203
203
203
202
202
201
201
200
200
199
199
199
199
199
199
199
198
198
198
198
198
198
198
198
198
197
197
197
197
197
197
197
197
196
196
196
196
196
196
195
195
195
195
195
194
194
194
194
194
193
193
193
193
192
192
191
190
190
189
189
189
189
189
189
188
188
188
188
188
188
187
187
187
187
187
187
186
186
185
185
185
185
185
185
184
184
184
184
184
183
183
183
181
181
181
180
180
180
180
180
180
179
179
178
178
178
178
178
177
177
176
176
176
176
175
175
175
174
174
174
173
173
172
172
172
172
172
172
171
171
171
171
171
170
170
170
170
170
169
169
168
168
168
167
167
167
167
166
166
166
166
166
166
165
165
165
165
165
164
164
163
163
163
162
162
162
161
161
161
161
161
161
160
160
160
160
160
160
160
159
159
158
158
158
158
157
157
157
157
156
156
156
156
156
156
156
156
155
155
155
154
154
153
153
153
153
153
152
152
152
152
152
152
152
151
151
151
151
150
150
150
150
149
149
149
149
149
149
148
148
147
147
147
147
147
147
147
146
146
146
146
146
146
146
146
146
145
145
144
144
144
144
144
144
143
143
143
142
142
141
141
141
141
140
140
140
140
140
138
138
138
137
136
135
135
135
135
135
135
134
134
134
133
133
133
133
133
133
133
133
132
132
132
131
131
131
131
130
130
130
130
130
130
130
129
129
129
129
129
129
129
129
128
128
128
128
127
127
127
127
127
126
126
126
125
125
124
124
123
123
123
123
122
122
122
122
122
122
122
121
121
120
120
120
120
120
119
119
119
119
118
118
118
118
118
118
117
117
116
116
116
116
115
115
115
114
114
114
114
113
113
113
112
111
111
111
111
111
111
111
111
110
110
110
109
109
109
108
108
108
108
108
107
106
106
106
106
106
106
106
105
105
105
105
105
104
104
104
104
104
104
104
103
103
103
103
102
102
101
101
101
101
101
100
100
100
100
100
100
100
99
99
99
99
98
98
98
98
97
97
97
97
97
96
96
96
95
95
95
95
95
95
94
94
94
94
94
94
94
93
93
93
93
93
92
91
91
91
91
91
90
90
90
90
89
89
88
88
88
87
87
87
87
87
86
86
86
85
85
85
85
85
85
84
84
84
84
84
83
83
83
82
82
82
82
82
81
81
81
80
80
80
79
79
79
79
79
79
79
78
78
78
77
77
77
76
76
76
76
76
76
75
75
75
75
75
75
75
75
75
75
75
74
74
74
74
73
73
73
73
73
73
73
73
72
72
72
72
72
72
72
72
71
71
70
70
70
70
70
69
69
69
69
68
68
67
67
67
67
66
66
66
66
66
66
65
64
64
63
63
63
62
62
62
62
62
62
62
62
62
62
62
62
62
61
61
60
60
60
59
59
59
59
59
58
58
58
58
58
58
57
57
57
57
56
56
55
55
55
55
55
54
54
54
54
54
54
54
53
53
53
53
53
53
53
52
52
52
52
52
52
51
51
51
51
51
51
51
51
51
51
50
50
50
49
49
49
49
49
49
48
48
48
48
48
47
47
47
47
47
47
47
46
45
45
45
44
44
43
43
43
42
42
42
41
41
41
41
40
40
40
40
39
39
39
39
38
38
37
37
37
37
37
36
36
36
36
35
35
35
35
35
35
34
34
34
34
34
34
34
33
33
33
32
32
32
32
32
32
32
31
31
31
31
30
30
30
30
29
29
29
29
29
28
28
27
27
27
27
26
26
26
26
26
26
26
26
25
24
24
23
23
23
23
23
23
23
23
23
23
22
22
22
22
22
22
22
21
21
21
21
21
21
20
20
20
20
19
19
19
19
19
19
19
19
19
18
18
17
16
16
16
16
16
16
15
15
15
15
14
14
14
14
13
13
13
13
13
13
13
12
12
12
12
12
12
12
12
12
11
11
11
10
10
10
10
10
9
9
8
8
8
8
8
7
7
7
7
7
6
6
5
4
4
4
4
4
4
3
3
3
3
2
2
2
2
1
1
1
1
1
1
1
1
